20 1
-0.5910038604272256 0.1478977339373793
0.5911768690151016 0.14789132492016485
-0.6415185282778186 0.1425093680510932
-0.6953355432224371 0.12898635653193746
-0.6851811997023955 0.132137293198324
-0.06650690888856703 0.004384126619896712
0.5363167666641493 0.1459644427712573
-0.183923768840482 0.031578002324972126
-0.3276946267431968 0.08555949259228263
0.15016511338097205 0.02154406191128744
-0.6242778320434239 0.14514768064603148
-0.997468938030126 2.543105554397851e-05
0.40805204093350556 0.11567395284265174
-0.9984734444765819 9.278868310147459e-06
-0.43890313614823584 0.12556718813101914
-0.2878488756316053 0.0696952547201529
0.8001255636939186 0.0828774528442171
0.9420113351876105 0.011253872662284725
-0.7468615122329083 0.10907204972239448
-0.12681539412102705 0.015569032874005455
