1.229347903462740 1.722508183904826 
0.082528320183264 0.086087176457841 
0.409304236394284 0.497986503367303 
0.163105909204406 0.177349752007431 
0.331402455636883 0.390437541360102 
0.600659905999653 0.778483105775761 
1.966408510520052 2.669780882658119 
1.380259435464473 1.933682846485088 
0.867322633546154 1.185405507438910 
0.914363478531029 1.257007462514476 
1.947958534174520 2.648591190127598 
1.047342119496191 1.457014656484765 
0.665433518320046 0.876672355864081 
0.194444486796461 0.214792643688872 
1.368871965979179 1.918052713441746 
1.279404004776908 1.793508362404363 
0.357905060473154 0.426474399886973 
0.592427650079979 0.766082914066557 
0.805813977821251 1.091384331214771 
0.059075073488513 0.060879743892738 
