-0.7497530770734087 -0.6099279130316659
-0.5412455084053749 -0.7525005987692277
0.16825292899450295 -0.9720944362019346
0.06672942900940249 -0.9955571080961958
-0.32280465644753176 -0.9013580290054374
0.9816561314970143 -0.5436594446029092
-0.9327238868751901 -0.5447388543973513
-0.29210211907591743 -0.9183897123815548
-0.07925611413307543 -0.9937382280465265
0.4761990418635482 -0.8001863819700821
-0.4737899024354735 -0.8019236059798472
0.7679373877025464 -0.5999471797311722
0.9813763857336779 -0.5436426731070181
0.8481083190177137 -0.5642351919246997
0.6477418381596263 -0.6751455917363116
-0.28333711080768076 -0.9230037811107613
-0.6259631814638533 -0.6905245366826115
0.38500277771580427 -0.8631259787729757
0.7796763308439063 -0.5938381566145428
-0.8641867006678419 -0.5589535220492701
