0.4850276335719973 0.7223198697925994 0.5929565714747956
0.5365296082320515 0.6208910098545548 0.6793712359167272
0.7078216399750655 0.2727551947911644 0.9100514514557654
0.25781356367015096 0.7872527285690063 0.34399240575655043
0.2339991656157755 0.19792004492023563 0.7501616662789632
0.47898276888802716 0.5178117407827653 0.6830710601547247
0.941204165563373 0.041914359844850035 0.9974634137215131
0.025444893092654408 0.18596972940582346 0.5052309889704387
0.4008938879894621 0.42097267832692953 0.6805910568692594
0.21362790639263018 0.1390042381528337 0.8068998204124256
0.8340646309028393 0.5878385683493994 0.8988312171502472
0.4739738424274249 0.9736172763247443 0.48340246127718184
0.8306046401138327 0.37250298781727387 0.9331987655567863
0.13847281270314415 0.23001710022392596 0.6345986667179139
0.27728125104376156 0.9549787424863188 0.2937655903710397
0.6569233928974961 0.03227697532694618 0.986529161420067
0.8961797808630311 0.5000031044928535 0.9466674024858686
0.08035668483231118 0.9448397764246719 0.09234667053346068
0.5706875953178803 0.4399291443779314 0.7813265297313895
0.19155265583878134 0.12014241507458179 0.8199216769148471
