-2.0201793694976953 -0.08128179494662469 0.45227188242567196
3.2751969443954074 -4.505544002548351 -37.47420770995532
-4.5694255409313564 4.979881187824901 42.256519581644355
-1.4979261460346214 0.37856516589715206 0.4742832009345792
2.8535824732103263 -0.5286759605420563 2.248517617540479
-2.7183895559310747 -3.0352413949116865 -12.24532357237944
3.110427105403332 -1.1766223261095643 3.2702388004084106
-0.7403791978697498 0.16733824093942662 0.49421441380474307
2.490881489231409 0.6038104898597263 0.10630893478656978
-0.761410417451506 -4.3853675277773085 -37.10999151790016
4.478505764086426 0.34888894509445834 13.158929735329624
1.9967263029226254 2.622067591138297 5.987032050268678
-0.7888488213888962 -2.1274167746142094 -1.9961518204070519
1.6746080233663507 -1.3127588371107657 -0.5537866275401035
-4.488211429414015 4.481071279680153 26.91495162023096
-2.2194248425426686 2.195379777015151 3.1280633636761817
-0.6294884683895008 2.580234311213486 6.588462190649651
-3.520964688840399 -2.7342107585134934 -12.695194533532122
-3.323680607275713 -4.978712956963031 -60.745978106116674
-1.8797768195233902 4.2130366826885535 33.72830141496408
0.92525829948055 -2.9939345578350807 -11.191182447467341
0.6597502862297517 3.1104491921229442 11.333867869164042
-2.4178069566680014 -0.07981940418708255 -0.32942648715028655
0.1041792530741894 -0.7622254551874583 0.43685055429291975
3.662166621285083 0.3825210890797752 5.806301414253246
-0.8125487096610975 4.735340455564613 49.0612467150346
-1.2731471356847655 3.93941430663871 27.488858989575068
4.711822454942375 -4.879347930475717 -36.994631369098926
-3.6202084036815307 -4.542557113350085 -48.193894614500785
0.10274669734248754 -2.876074884734099 -9.121622687499666
4.1726435737769165 -0.340689816891782 10.67821577892688
-4.302835494652396 3.897774206744474 14.080931065569612
-3.4095443913749426 3.8383059216377866 19.91815078799573
2.186496234933956 -1.535163643248695 -0.3696884333497952
-2.714490293068069 -0.12514992900358557 -1.1616611581078153
-4.638788115361175 -1.0828389693892193 -14.87702709781775
-1.5121094884446462 -3.931675265205704 -25.635751888746977
-4.991092273415465 -1.1312185746708159 -19.46809616941013
-2.124936655354567 -3.3963297474457352 -15.986129099749874
3.5322260885392858 2.09441425546391 7.781057488358437
1.6801587844653865 3.9833370116385165 26.88685141840484
-1.5089773248851857 -1.1772539101189805 1.1832453146751063
-1.749906439019946 4.220919473601041 34.05757475701511
4.7988871174507075 3.988755511100239 45.04626663643488
-3.753957398684239 -0.7193262738217845 -6.293117729137826
4.990089118051715 2.0362453741292335 22.046733995115986
-2.3385106574189685 4.9725669300908635 56.28514669590429
-2.8506164540721235 1.1084074383466138 -2.2097444950472154
-1.8075891124695231 -4.8756908718830285 -52.45127847099767
3.7839984300111222 4.988040001818284 64.11687896536885
-3.2071573248738106 -0.14337250969691429 -3.248616758665601
-3.71073506763382 4.247611576822349 27.562227080640362
-0.23476295116181234 2.02666370703235 2.367636096159397
-4.831884563725703 -3.514673180403655 -35.92380043508264
4.301502274649714 -1.8343554410489746 10.364750706271785
-3.1000682468181093 -0.1162929527549732 -2.7430186961472742
2.26729017959803 -3.087762146544477 -11.568266329377607
4.9184868470711685 4.051416733198408 48.07715563118148
-4.4427788796310335 2.856566405765122 -4.297603519281825
1.0473963640226946 -0.7018234776194863 -0.2886096748184521
0.8926533083594297 1.571391740814736 -0.38168965897441565
3.679661944383138 3.841655006418934 30.791316724042
0.09557449778452032 4.975026549579093 56.497738928166775
-4.973655931662591 3.0230077998501343 -8.843275713816222
-4.237516171035547 -3.5347694110774555 -29.528698672483618
-1.6167426895018302 4.549292521297794 43.2984844026943
-1.3204132874053585 3.319755575203203 15.833374985419162
3.37467345733552 -1.5125222547972261 4.094172766183052
4.767788706749037 1.6903642587675431 17.63290500203184
3.912572491909815 -2.5305075427702137 2.494829314130693
-2.994731611854812 0.891830564016808 -2.9140356263353473
0.378155368474248 0.3645275427894612 -0.7076482855965889
0.3975528374120332 2.6257220877706997 6.040702401353482
2.8475076994172763 -2.0198534774861243 -0.3302720894965252
0.38124946170998175 -3.2713377856371384 -14.60318615796643
-2.250027414672815 3.7930374558318434 23.46424912933508
-3.486087446141214 -2.1819925192740075 -7.999401558554572
-2.4361124982204005 2.344304915237898 3.6421905272017194
-4.025288171946656 4.222314641892597 24.396257087734575
-2.910170063652794 -3.038339591853304 -13.00501599213719
-1.9427374782320692 -0.2884314807156132 0.7527040686594444
-0.5316905402670047 -4.604731967836273 -43.71198593892674
2.8622053208473055 -2.280313471007723 -1.8209497741981648
2.952221766052503 1.5916526857033197 2.6183234876977544
-4.094656333537249 -3.0384057702615754 -20.62245562767806
3.571365010160994 1.5112114388473428 5.753346420928841
1.6809065168949386 0.49230398156904354 -1.1636899512967869
-1.4849224634150318 -1.9060069260020516 -0.7260502992516225
-1.0780090961692288 0.2048474192579377 0.6269079754987089
1.9917450567105064 4.165903702017609 31.571737286187734
4.502335891584721 -2.290839581693348 10.030798310508061
-1.2061426369490178 2.0029474337407756 2.8699714288419944
3.962932428126445 0.5057134957092995 8.04345994886788
-4.887305289508301 -1.5083955930148663 -18.667686522422073
-3.540402390545627 1.2141594356669883 -5.654209065701738
0.36115156922527536 -3.9046611070833315 -26.213039734740633
-1.937599281596416 2.2613816361881955 4.003535085836139
2.4615621201129656 -2.8474807352163642 -8.17491411854445
4.642211043808807 2.3724663038981273 19.670194402795502
-4.082958323483958 4.483983788688327 31.06368047447797
3.4173168852931006 1.912159775286736 6.147813521940289
3.9029639655194988 0.8969541380856434 7.451763396014281
0.9979275000341499 3.39387459029121 15.352933621088242
-1.7366016437038678 -3.7639174423599933 -22.208773878109653
-0.7280129832352316 -0.3580298839907936 0.9859259666509543
-1.1170602207270761 -0.9157409940348469 1.3700606482869222
4.074524398238479 3.719931390358454 31.472390395503723
-2.419835287027934 4.733879504160219 47.894245869308875
-0.12886603829764454 -3.4566466913733995 -17.065624908661395
-4.792357309140708 -1.302340233248005 -17.022661210014082
-3.3162752372430937 1.4385904730411276 -3.927970869817946
-0.7113860257655222 3.1936403202811032 13.732252798656987
1.3538543604418258 0.653858155126712 -1.3716385797832493
-2.6988286847145893 3.601446234509716 18.522029655968208
4.997529817578496 3.7477974323894507 42.538392688806326
0.6746675288789401 -3.302872045541391 -15.325832659429656
1.9125129261503524 4.952945807916935 55.285644582455106
3.4850820358287695 -0.09271658920868031 5.0730556857476845
2.9137770450418055 2.058585645970995 4.3371983160687835
-4.153871723603589 0.26752430701260455 -10.438800118928455
2.1773122686066166 -2.0469534246276835 -2.354353081149497
-2.9766139369505487 -0.8026024275483312 -1.753987237744271
0.3118226673971005 -2.5939197767871622 -6.438329580260573
-4.283062537234042 0.258103317487385 -11.680678664886457
4.496532805909155 -3.5858790999065815 -5.782312718024844
-0.3914945056729957 0.9979732663859489 -0.12151341572824537
-2.4254069289568116 1.7906262012036134 0.6519217337476313
-0.48410854588915164 -4.86323011912353 -52.18549783650185
-2.09693431347313 4.341160045605914 36.817710232000636
-4.361564905958461 -3.890726251440657 -37.79035753350315
0.8712449666409414 -3.796391184390111 -24.30049424827051
-3.3596113498805416 -0.5021337809426942 -3.7855373385233717
-0.1959292726710249 3.0354800863350544 11.143613170490502
1.9406803503035333 -4.662616653708743 -46.498879194444065
-0.889986633509916 1.6036976472279303 1.2075333436061795
-4.663044062292365 0.8011880344573434 -16.159629062264983
-1.2604268864707882 1.4385435548696268 0.9098678122253325
-3.1175511050087112 2.863589198822466 5.934908801043894
-2.3178065479499987 1.4355619432465758 -0.12888169995385068
-1.9531362357352968 4.43595624977832 39.67176370900994
-4.026497521040153 -1.3083584884934316 -8.841034293777774
-2.115699729860916 1.5153656099821884 0.4461732710638471
-1.1250268524693476 -3.47241439239668 -16.621943806323284
4.36852797691056 3.2957696490770854 26.909017772590754
-0.6786602939577255 0.10428686123513664 0.5124250878500747
-0.8785377435930055 0.6029661834815059 0.249565125136055
2.6493986710209843 -3.647945569895956 -19.55459161219558
-4.995668220937758 3.2141576127333664 -6.551144529696779
3.528907604859553 4.638657972697441 50.52700958117701
1.6950806949508257 1.9745951882395518 1.1539178462284063
-1.487703759379845 4.914355561116018 55.25784413365089
-3.061333059510832 -2.091779171043032 -5.161235396250835
-2.047274960640002 2.2082879251535195 3.5072213897804243
-3.9561036774272362 -1.431411381476393 -8.462124832083331
0.2935527775910174 0.8487266472177035 -0.831535576205226
0.9405167846525062 -3.8867267887211208 -26.245100224279795
-4.1698499775641915 2.571664749324036 -4.398791752758618
-4.607270110215017 -4.336608136756203 -51.39326423494679
2.5372135875206068 -4.017592594101258 -27.677064433599167
-1.0852913416170242 -3.888996590607655 -24.69054057026961
-0.6149050199948514 4.36004294170551 37.65051442327549
3.0048884765309687 -2.6198440178129156 -3.949361656550819
-0.32779573071718726 -3.55706164528647 -18.625381750989305
3.757678007953233 3.187295830112353 19.856454711931335
3.0626681936763447 -0.7467722346631049 3.2214048777668127
-4.609633218572177 -4.255666177527874 -49.260995511995226
4.78900921276723 2.2165293227901905 20.406179215333108
0.4631580078033082 4.8158360357198156 50.58597785235248
3.5147346202123124 -3.7379239760967318 -17.206332902784776
0.8003960170747746 -0.8323768660386985 -0.1538236800416486
4.146150520822399 -3.3264163379305947 -4.968275209804287
4.161347775021552 -2.623676130147019 3.8443177465732585
2.9488086501874564 4.924741754557552 56.97478767231107
2.6164918622671216 2.3366429819689127 5.008300342766894
-0.6004342254291135 -1.7222488616112077 -0.27482737555657977
0.1902532237329222 0.3406469574039708 -0.509758492985931
-3.822480993093742 -1.0553109286131743 -6.88017792301416
4.595221782990592 -2.1089172157772698 12.230555967741267
-3.3409997897566157 -4.9456721467980715 -59.65672451699309
-0.15370185531184788 1.8215091395901242 1.3532550274605306
-3.674254063421963 -4.214355298291879 -39.457122578139455
1.5304226451627478 -1.3223865911903774 -0.6473597471896583
-4.549457904265851 2.1694386004030717 -11.34733069225737
4.540626851447573 2.924594506880844 23.765263172153478
-1.7351803112028987 -0.519769188080482 1.1398652998295074
-4.098600978861553 -1.372195949537672 -9.591166140145676
-3.8457829080584407 -1.4808981153408443 -7.673028973948963
-4.7732125715343034 -4.685600061622757 -63.72715912677975
-3.581446559756767 4.3718016787638465 31.800331672078148
2.0489798943053223 -1.0364858756887276 0.15121013705118935
2.509466557218901 -1.3210425732943287 0.819499176567474
-0.13767312302719503 3.5849683700378314 19.589186409570463
0.34674681162849996 -1.020676165262616 0.15060753670363436
0.8163890011266961 -3.7327406588424683 -22.97962146187656
2.685910883670523 -1.824696874774352 -0.02359995722492636
0.4438333052796093 -1.3971500532680436 -0.3928354863747623
0.6868258384384527 -3.1765231208964773 -13.471537737412945
-3.8338361574354196 3.9000210642141777 18.323621121083356
-2.962950702731856 1.7038135196821802 -1.4701884912964447
-1.906941643732142 -0.8746015919580952 1.0601490368871205
-1.9443103886512434 -0.8070502845441201 1.0185005872620971
-0.48080861048037526 3.877152738384032 25.72271294907084
0.5098844499111852 -1.4293914347335601 -0.5142184554607914
2.390132678263509 -4.729680741307728 -47.83080849776148
1.5415479655633764 3.750730667026227 21.822982086139163
-1.6932367258501877 -2.931713135666121 -8.944921264628318
-3.962323052834332 -1.1407267949094968 -8.080837405683804
-2.6738369490188942 1.7927900025313939 -0.0611216033838855
1.7138021507257797 3.3710719531573314 15.07649706713961
3.895336507186137 4.845764182916936 59.972928625010134
-3.8491910106060025 2.2685669229375947 -3.9880359396434235
-1.3007382778304608 1.0806088250579649 0.41090221474601973
4.1597867983039265 2.909885583816166 19.64600540698287
-1.900052400800595 3.649169432302159 21.17593788460463
-2.5559883208131593 -3.34073091420259 -16.085059463796906
-1.6815738461090355 0.11790832119642047 0.6134910160543505
-0.600671155493119 -0.605161198225856 1.0516761319558159
-2.3472111958265085 1.5829750509379625 0.16120825128869587
1.193124810070505 -0.40848195956233724 -0.4790281880618297
-3.907608825755169 -2.014035435136039 -10.096534417127545
4.421105664863804 2.5423217392499105 18.535734808217335
-2.6583547949067707 -2.3788952172893465 -5.451242478803067
3.720605767201153 3.5256759101948685 24.967282839187124
4.7553849166601765 2.8691571671376543 25.692354961927943
1.4773103773759484 2.342690793367299 3.253406825261113
-1.890746861614133 4.765908045262284 49.89911417940148
3.777764141567488 -3.8843648065036396 -18.414736939259985
-0.7010858618601654 -0.20949981519053296 0.8370684466669212
-4.312719182758386 -1.6775245984804155 -12.413032204178933
-4.888984585766031 -2.7022070901701047 -25.64593100191602
-3.2026344957541744 -2.935740819095117 -13.082374334018333
3.777353768914967 2.32453819867818 10.957763384559126
-4.421604089381823 -0.8962860225613145 -12.331103305026012
-2.9257146341472207 0.6883697481354654 -2.6082721162027274
4.62472568042454 0.545223662667965 14.693897273931178
1.0353028640070052 -1.4278293547896626 -0.8409906888502272
-1.2229078024224158 3.710488057625728 22.689130503305492
-2.5180169483313297 4.499525879890767 40.37353954581988
4.184389633049436 4.490767800996778 51.26048265185829
1.5172428235960922 -1.8048657014838665 -1.953541990925559
-2.0169379912601793 0.7119585833876805 -0.1555764457190345
-0.0017382226278765955 2.3403965624588015 4.071051337237859
0.6476780774371695 -1.9704261273982429 -2.448081130646564
-2.5700227506283877 2.5689189542750697 5.082685742369109
3.9217556753195595 2.5775366461876024 14.126343448552689
-1.04102981671537 -2.7919182186381253 -7.27392604753729
-0.28609844718726585 -2.814340036780636 -8.049749061356417
0.9752573466357983 -1.752570940255438 -1.7286828243928438
4.3509509831971425 1.773366075023918 13.137522256190275
2.8452239363286838 -3.639836646888508 -18.709825051705245
4.0989623772541 -3.4239488821533772 -6.9714818938987
4.423330224261964 -0.5779856850803755 13.367355733292637
-0.46828548273264836 3.7292315937746316 22.650041367997062
-4.767541953054365 4.75436349032174 32.07420126878087
3.5989458687476663 -4.726955944863331 -42.35880216690376
3.81612437364001 3.5332738435521485 25.820034809353515
2.6572582823254223 -1.0436596234302176 1.5706026651975087
0.6743058234694885 -2.559943835891753 -6.441098084454959
4.441678463382443 1.2934905255844962 12.872449422840388
1.888917928591944 4.6070309584676785 43.74349097284797
-2.8664496633854086 0.7505215887537098 -2.383150064798682
3.1283172395195233 3.193126020928025 16.080172281484096
1.0917588857228369 2.9406243364272244 8.942066932116127
-3.895733042948403 0.12401978310990813 -8.052235310419157
2.2498545479957235 -2.512173689931627 -5.38718263036296
2.903888877390658 -0.36094916674860844 2.330996886154052
-3.1678282648538723 -2.6276846978046366 -9.634127047187866
-2.3972762962151526 2.024513673617223 1.766257231856562
-4.701548948303149 -2.022770223108561 -18.199000046820757
-2.991198907343182 -1.7691914273823772 -3.3610415250166157
-0.7566566726423112 -3.849714816529789 -24.007242408604743
4.893700078272882 0.7083660648171293 18.014816661210002
4.741882143829251 -1.8953008715855013 15.073968855774911
2.2423639476476245 2.11804569861809 2.645500496638605
1.7874169225559537 4.614420631784789 43.86741878434075
2.4027098187894644 -4.788625675694734 -49.74374254934534
0.023519058573159057 -1.3693888425118663 0.06191574061205163
-2.3967996700324523 1.3459046526958467 -0.4838336113812822
-1.391262875002056 -3.678078181378619 -20.34824540380357
2.174543236924734 3.354077044210211 15.394308405080896
-3.260192236260088 0.15382593731736272 -3.8222348324985846
2.8906414567349668 2.0902531666311672 4.4161578833308015
1.745081999826957 -1.3015382478953894 -0.4830842793151755
1.3324615771071997 3.963612697402368 26.311695397444616
3.2959001980725215 3.153331345005416 16.388986480026
2.2337419760509123 -2.894792466198971 -9.238777136125718
0.38411266866640315 -0.23384861014340963 -0.14532349238374725
-0.820998688716184 -1.492582790197753 0.5403139803871957
-2.5166825635721377 -2.3196792759510054 -4.592611124609288
1.8632002724234322 2.999837919995082 9.92839947955442
-0.5875423294509439 4.363017789201415 37.71099793634245
1.4532229206969163 -2.946464213845367 -10.683046478592605
0.7478244341658788 -1.5812402262634917 -1.0597451312039297
0.6327343415488578 4.503429913314843 40.581262177659966
0.0645856336330155 -1.8289840942458113 -1.2946907404464065
0.20121361636176083 -4.11853514557036 -31.01102888881482
-3.377064002810768 1.4424584285943531 -4.267529339979118
0.7638408384834481 4.39567736638743 37.39620881594765
2.2972231523682316 -3.7282499557733297 -22.055429621634133
-2.903621735257481 4.921169388568419 52.676568361446506
1.9660711628402963 2.756233167417573 7.2669454282343695
-4.414397683238958 0.4241990234611528 -13.176226473241988
1.6635577670766128 1.5077168209332275 -0.5368420157563296
-3.905013111179848 -4.380692876772185 -45.657680289079
-2.210473939510902 -0.32233435890327833 0.3559017602505392
3.69892202890931 -1.5953048973786945 5.988107333610554
2.1974127368674683 3.797576851980038 23.51065390669786
-3.07305711369151 2.6232691477412278 3.671661475804698
-2.638255577919187 -1.7163324321148723 -1.846054334355368
-1.2504203836350172 -2.1457928016106944 -1.9348789420736079
1.1640298501629855 3.450972778109044 16.249626562183007
-0.6518779907690835 1.6714868900494988 1.2599458745551742
1.023186806792732 -2.4870707579293905 -6.01379303961147
-0.8175675779398963 -4.572926630054824 -42.53253975455327
-3.2487534925841444 1.7929051553167072 -2.520225165779508
-2.1697980530748273 -3.390693714592227 -15.973670620174612
4.574304601993566 -2.32600410779232 10.60230531472094
-3.003618067044862 0.7756470325828166 -2.9582644895540597
2.5353936219469198 -1.9468977376989405 -1.0186529784212137
2.9349828429627056 1.354474392615261 2.009464119677001
3.293288686935103 -1.9031687692647479 2.306829966308702
1.6257261751901435 -1.4971202409541782 -0.9470512217521256
0.21781058999344705 -2.0736888432183798 -2.600678359641376
-2.700992115144053 3.1033886676773967 10.601063401372425
-4.429599534317078 4.934412754091921 42.18484027510043
-3.580564125437725 -0.21674868488537857 -5.3886597334272714
-3.206979156132511 4.650396352968706 42.245178088217855
3.0620681998114048 4.789631135001894 52.828876762278924
0.25084324860836205 4.397926030613107 37.8861877628292
1.4154976171051112 -2.558095343769714 -6.660072977600025
1.2852604667989551 4.5208801357096355 40.81816386767155
-2.0329680325377053 4.946438099064842 55.918963682357344
3.3527169443362848 3.755457743330158 26.911689104742052
-2.1568330320691875 -0.8787938735997844 0.6896033139414279
-1.1467621708700069 3.455874698975272 18.026151070716793
2.5649299953748574 -1.9796653707761749 -1.0896270497030556
1.8853978338804378 -1.8395887935315471 -1.8180590760833448
4.279228467191098 0.6594731900509254 10.87677438039684
-0.23803604108858778 -0.258139332907497 0.4848772191558103
4.972567875605986 1.3397847572582746 19.48089129523605
3.0717089835356894 -2.596588522230462 -3.432015265630331
3.1055977222834024 -2.0295513026016354 0.7345478069056113
-1.0819821205558577 -2.5772371211809233 -5.15331216417452
-4.37099918704603 0.06410914641008958 -12.395120258621935
1.335504726016616 2.1733490001330846 2.100388460430464
-3.145857606025494 4.109801229671934 27.517739972963327
-0.0692987558563063 3.4121513272719035 16.520538820901148
0.9606970900598721 4.122202865156661 30.117815453646756
-3.0416654845087923 -0.3801485205341226 -2.233787082467199
2.9708114975402546 -1.8157903722407518 1.0954731470435375
-0.8754060453983126 -3.3992911754884836 -15.499185312986098
-4.48722414533708 -1.5052786979734822 -13.783089180794768
-4.313985144584386 -4.670512417230281 -58.013105010253774
0.6015443558408755 -0.6382132703471122 -0.0497739404389026
4.844889455039732 3.5745526154498304 37.16212270846326
-3.01818610024048 -0.039916103994523056 -2.440731060723931
-2.4785120399461933 4.184774858095343 31.89122776948039
2.9318798182499206 -0.09601780793055781 2.2041358200768064
2.9240658271484214 4.888568478269109 55.60136588505182
2.290066209160196 -1.3744092438724778 0.1882191054704947
3.548162532494306 -1.1174330733898232 5.8055135884594655
-0.3333189602334894 3.3398774167192578 15.613835934484838
-4.491979476675402 0.7598443529380479 -14.176235927422256
1.0484473373231555 -0.2826016009301968 -0.5466311044937793
3.962693956151284 -3.4997187732466895 -9.450116283354745
-0.6119187724447936 0.9033138025540843 0.031320148880191745
-2.379944170445527 0.24603587565988772 -0.5547096400562013
-1.4455943330199847 1.5518148106541467 1.1580806861081325
0.47441204684046756 -0.39509828104991485 -0.08879683114358183
-1.4754283657856213 0.3389966887897842 0.5135415003118393
-3.739801098202502 0.2133959120870781 -6.9297916155756365
-0.8328495061039547 -0.6324624507752921 1.223277436098554
4.968116569351885 -2.3924478929557824 15.102168137763261
2.786407898782782 -2.231300330950461 -1.7828237229145119
-3.473109164428795 -1.5854369606036744 -5.31290627177161
-4.917052594981889 -2.68265699286664 -25.829675780099187
-3.263987823479171 0.16804292995808723 -3.8563373866513566
2.914630687553874 4.244418644301305 36.024741351231285
-1.6555770817960216 4.569686842422202 43.89051102395703
-4.969781992105409 0.2315155886592013 -19.804992787387576
-1.2474928299551067 -2.4788332952138536 -4.277690625383299
3.799061095073977 2.1827745404950907 10.184351474660874
-1.1334563020004538 -2.009482446198497 -1.205461624541682
-3.581942782870662 4.888326071167553 47.90719083353391
-4.218075070338829 0.33361656189369615 -11.106706758259248
-1.524772112782069 -0.2646560745761555 1.0711618717155051
2.86448908851841 0.5965824685165053 1.3458906354229736
0.108071463985004 3.2671851242445076 14.062777430926996
4.554672497892252 -1.988104946653885 12.401753188461807
4.053536212267472 1.1698529383766871 8.897972446857068
-2.159782040803442 -0.9626827161587475 0.6614486815501031
0.3133478354687078 -4.335999537232099 -36.73152444717516
-3.317147783934251 4.920863875619343 50.67537355364639
4.98511589173024 1.6418836536156327 20.36348292510948
1.4104208768776587 -4.693041561381492 -47.83750624641264
4.191167084335753 2.4490518719281864 15.42861903299885
3.648083332249419 -0.8643175354726438 6.603504402237784
-0.010685729593752136 -4.0151305452451025 -28.33869238741328
4.042010780578535 -3.087677237724349 -2.4653519975174385
0.14009795095678967 -3.0185679263443497 -10.873201733863455
-2.5790578539914044 1.3938291060119496 -0.8917748234636447
3.363203125538929 4.3664440074590765 41.50362867651573
4.4823010636569585 -4.707743278222756 -33.93225165197957
-2.684621604124869 0.9337929682977988 -1.7117692512048848
2.2271125076876093 3.4302675535873846 16.73345444343687
2.3373665888909523 -4.773509511981472 -49.39545025771062
3.1103222614109605 2.1904170723217113 5.971907779121437
-0.051132306560480956 -0.1757893851189376 0.22417884076951042
3.977660673844584 -1.9685769930025812 6.763245607082522
4.5424887706512855 0.7859083749741078 13.660439986486818
-4.816117210573831 -4.427278730992468 -56.48765308639194
-2.9727336063052476 -4.001409739374618 -30.313797965881953
-2.4291227213516864 -1.7139000723813136 -1.240902429855098
4.878777074250028 -1.5972075557597867 17.906519596500846
-0.11578168851437898 2.2881182561147337 3.8170575926473003
4.270672359821948 -3.910300957720718 -14.677255841038756
0.2185547777875776 0.44257952230229236 -0.615700900786684
-3.2847723029992872 -0.7480717135410933 -3.26483132069575
-2.833558879188849 4.377752315121288 35.8548344821617
-1.1782087704513655 -4.584477017439843 -42.741387725688256
-3.137203209135709 1.223534312616076 -3.3457919046834252
0.6858737953366791 -2.2990614119412935 -4.398337583095592
-0.17782928059026926 -0.4485785554231949 0.5801510293315875
-1.7299921423718887 -1.0707827398534073 1.1513788705371848
-3.171320684916438 -0.3751951986340538 -2.858861276437392
-4.5504716314027505 4.3745705577249065 23.18855580433779
-0.2746437324661688 4.139837527251414 31.60545806196344
-3.831501827587461 -4.4771043180564005 -47.8115706259227
-3.772628151324776 4.309750219607055 28.748459497878052
1.984047119964524 -2.277393765517799 -4.050512532615006
3.24601969963728 0.08513451426205432 3.5095850359890495
3.9438217207319344 -3.836541794137908 -16.07418335324201
1.0969934858789108 -1.5860215619393871 -1.2417390771329344
2.4117836376730315 -3.6939964464565476 -21.115479618778238
4.015313812316865 -2.691152722681437 1.8783433704542176
0.7436840838405203 4.0226099730422895 27.8616796194155
3.9670282949012083 3.8831777867484814 33.91322179804028
3.905945425752556 0.0916543278228854 7.920925930213642
0.3698249555008468 2.636216427818237 6.164448530285239
1.7747093143538129 1.841998712800546 0.6261277258253068
-2.436243846603272 0.28077925647050783 -0.7254273776318283
4.966165349065445 -0.20108630347790335 19.726762261668803
-1.8520359223997662 -1.980176381205847 -1.3205313853774254
4.741255983974915 2.7290468060844466 24.008473995864342
-1.2023467851597234 4.674764194845542 47.25974432389647
1.8977923735054771 -2.3887911002124707 -4.957584142171005
-4.184851204251912 3.919884639389684 15.722608871922684
-0.8777241087111776 3.1522217045434235 13.251290864726878
0.4628802330504591 1.815746612870985 0.7344082943610553
4.097427673618787 0.042515726925998365 9.618366815091573
-0.05047669327653459 -0.17022505486581174 0.21820975721386868
-2.5441492356310613 -3.32401048680945 -15.78891276973414
-4.334481053110421 -2.2613243338956535 -15.472943286859158
-1.1113765384623364 -2.9430635430189267 -8.965958465027919
1.406579123364736 -4.690696771189481 -47.76315617559041
-1.5215586059302453 0.7969738214600639 0.27316621040298283
-3.8570254835157023 0.014673112912277908 -7.63356627247007
0.8043944214144467 4.206264020765232 32.30343161333201
3.838118539221327 -4.310489897822501 -28.264793285717204
4.747064768632056 -4.795768680716784 -33.706526710150364
-1.7930728207406723 -1.0340923620266262 1.121278071697219
-4.428999267235487 -1.639077627601715 -13.509556471901256
2.5851749065855056 3.1101344885219095 12.802169000464303
1.1847087999054864 4.565166535172185 42.15341765223278
-1.921200274285372 -2.440329827092742 -4.323041859324911
1.6878781513402954 1.9868492743835233 1.2086161443646946
-2.0478094600333385 -4.133658941614345 -30.852235815915694
3.575807066187229 4.267784166660707 40.16741726663205
2.9898231957466894 -4.022682810746908 -26.169389270155385
3.028234887266496 3.4331860196713535 19.32556750794658
-1.5027215012368655 4.143369163119207 32.246333314248844
-2.9607085681325875 2.852933156461975 6.5275185428203475
0.6856168247600269 3.348056325927388 14.795771645192568
2.5461477447467393 -3.5802558268489824 -18.610898318501558
0.6523166156806042 -3.443225916975706 -17.564683372346156
-2.2681988655675536 2.9386508509028166 9.684303404923423
4.77466232676405 3.5800831430358695 36.35818666410283
-2.5269464270005413 0.07485850503059499 -0.7748445115007385
2.6852432007649787 3.6769468837445167 22.36626346738645
3.0275474156611395 -0.1519951063140077 2.6728181299374114
2.221707383128323 2.700625959612374 7.119275396826818
4.0730672977267695 -4.178019934693237 -22.84615593313649
2.1876917963925058 0.8617977058464232 -0.6354063824336591
4.261555380477223 4.9097326323804875 65.48312666355946
2.565856742038079 1.3931843716414498 0.7715439054464026
-2.3598599034728442 4.506420763037841 40.982865168076934
0.9515804361462692 2.9289457357017143 8.855113312825772
1.4778371449255143 0.06892628632486897 -0.9010796612784792
0.9804605923082557 4.161084390870407 31.070763343540165
1.1923919197229722 -1.2998555023796463 -0.6516019503466859
2.701883782044617 1.7157671040587532 2.0526808166477473
1.7649322316048712 2.2673778667709588 2.895535180079153
-1.69368081352669 -0.10579951460198878 0.8272049817750782
-2.4342308344764185 4.453990990503737 39.27465897337857
1.0862126870631421 -4.096306483621836 -31.101042715420736
2.7402612617628126 -2.2233646482226197 -1.896990047986563
2.874809010183145 -2.465853024320608 -3.153893492915654
4.839453864767631 0.7425394858902621 17.291017288443804
1.8971286501223128 4.316578512170885 35.366962964949835
-3.6416116123293705 -3.8981552512827875 -31.736191503947467
3.864379948463064 4.63218628591372 52.741882590537074
-1.8259242459070233 -4.170918745975993 -31.500508811621422
-1.119178143961971 -0.1118252207158541 0.949936692134344
-2.273128748302764 0.5273390753968643 -0.5299906031937054
-4.477229678182794 3.3625308724239815 2.174379757534221
-3.036053013026838 3.797322395209104 21.01973923660701
-0.9012746163182523 0.23374721690828526 0.5274927704900065
1.4688598151905383 0.38357457947789 -1.190389383564136
-3.5545265728240736 -4.78293884129689 -55.35304059893712
3.6802623362880134 -0.22103859203353338 6.504714647168477
4.740264995524621 1.586276653438972 16.972068688345743
0.23623873834493825 1.7264587524821202 0.6129324671862135
3.829578954783921 3.19985879143902 20.585065431260617
0.8545628094945714 4.899130485423516 53.16431030901207
1.6455815412961723 0.13507090448073455 -0.8881935609027042
3.303540365607196 -3.8265617889812 -20.281780233777226
1.267063057917781 4.518643113702993 40.75226868669052
-0.1401577699838743 -0.3568974013333932 0.4737744758603939
-3.935854102684341 -3.521252107149533 -26.567299099960074
2.0099703592425264 -4.458821765155317 -40.25022206613751
3.8685755630625014 3.650028910103174 28.374860884750845
-4.838128717234611 -0.6878474973729087 -17.28643528078127
-4.128292024191781 0.8202248207018172 -10.487548944415947
-0.6629477056298043 2.3952007048773165 5.08009089696466
-3.252098602153164 -4.157440029826653 -35.39863100444477
4.689964189864252 0.7153035886445078 15.409597254622934
0.9222652799204454 0.6421428988861253 -1.2751243338119582
2.1893656624899025 -2.448772600142873 -4.983742975382312
2.433343563908153 -2.6674149077346487 -6.373749861999341
-2.7365140956169642 -3.6217962102062073 -21.494460905003702
-0.5296310480565598 2.625207308666681 6.920798690420508
2.030469249267809 -3.9398141930374617 -26.99357476501718
-2.89632596639383 -1.4964630104965826 -2.1420861135087197
-2.9334124949298603 -0.18850494203854673 -1.929781177709275
-2.2030484889944377 -0.13782788201367246 0.20110216075842535
2.986998695445915 -0.31141974486143553 2.6394167314056176
1.880689989262919 0.10532055512538907 -0.6550282585871456
-0.7027264222363883 -3.3823827340102444 -15.332392288893182
1.8353217114035285 1.0631271113927445 -1.061233171865744
0.3211680027023833 -3.0660927512432834 -11.660503256746264
0.1891275660135996 -3.615731569961178 -20.207203077407698
-4.069065500735056 3.428940059859384 7.3236867856249726
-3.424452402150769 0.5504577952907361 -5.074234537752564
3.931363717400128 -4.251766668090003 -25.957961839682955
1.5720858602367818 -1.5531695903660325 -1.115231992308951
2.9240914218797815 -3.6298196840066135 -18.20640340476877
2.3634191012515604 2.6834026912977196 7.2545935841041835
1.2519090770348074 3.994031438901281 27.003445148256045
2.7444190160151383 -3.320742580700611 -13.599038070310073
-0.15970263204153667 -0.001466263107313459 0.1603542526607121
-1.0342369687901334 -0.32895941101615644 1.1241438149785974
4.584709369748559 -0.05860008336668532 14.747504838799049
1.8131272469760882 -1.4557676046865442 -0.7078282423156959
-1.2997112819835897 -0.31885916594839436 1.1632537511177308
-3.3209235960850068 3.2152573854465967 9.400155361770793
-1.7927305886885536 1.0208750947758274 0.1515010793457996
2.3825286930588616 1.6486941626357554 0.9143688019090677
0.9653358292303862 0.6749597587419984 -1.3066355213646106
-1.3753308198239322 -2.703237190571964 -6.318670366086243
-2.589210928682987 -0.9348898165809487 -0.35607583750627914
0.18489049915618772 3.978968612719674 27.335300935339042
2.70921663962719 -4.91993379663494 -53.35757170607776
-3.765081171668178 -0.9174412736630986 -6.378216838186668
2.1739420712283177 0.12568886307811855 -0.24381760068058034
0.8294999297126813 4.087941604202605 29.354050205027484
-2.2642939133124775 1.4035049266969901 -0.07869988221836621
-0.22390934004872243 -2.4398883524645854 -4.600842452490546
1.1826965492555184 -4.875179199020599 -53.911752330477704
0.005008868898336516 -1.240932810664904 0.28045891352399654
-4.956965111992617 -0.7982151806728446 -18.85912684514418
2.7256859711510275 1.7559868861102688 2.275633748606367
1.5773656387903223 -3.92300289293721 -27.05685213881416
-1.881847511911896 2.4154127964455814 5.179602143778748
-1.0215735670068895 -4.2068088676741695 -32.209297833715944
-2.4996989974362336 -1.8399829617743304 -1.8988548909496608
4.964470725314182 1.821679461970315 20.707324987909825
-4.48341694065676 -2.664320298222945 -20.33299573898887
0.03648887719102589 -2.1519027002362137 -2.866968486990019
1.4304961688862932 3.008235541562673 9.758203969286415
-1.597748721207589 2.2469027149747456 4.206923961161153
-2.501082417935374 2.0357659923939266 1.5547120496264255
4.294832084992791 1.6614261344638424 12.180925658753882
3.3197205777641194 4.95419804286372 59.841219402561606
3.3786460513178778 -1.1061140419610824 4.764426497109961
-3.8403865362598055 2.475018101927512 -2.382045268218006
3.6020179992289574 3.5486531671194346 24.5402165595558
-1.8007362914353662 2.093471615122552 3.12688158750266
1.380769360982761 -2.513501652939608 -6.28053654703065
-3.7713905842068907 -3.631340378474779 -27.26823488596153
-1.0590971386334305 -0.1345926064357421 0.9548756158408979
-1.7611401285323813 -2.1022187373090304 -1.87430916399268
-1.405563230529474 2.9155196420313834 10.32600508850813
3.6638837847031063 2.281887041632528 9.831959462751934
0.07063845294342119 -4.50144888453328 -41.17564311345363
-2.8570279266215803 -1.2466266079142097 -1.5291830253570144
-3.2610906889702305 -1.9886935521559268 -5.618912227195627
-0.8743776813189381 -3.1287995408971336 -11.445035576845758
-0.7357302507398922 -0.3851724089307629 1.0126809869595268
-1.837712438130381 -0.10718133276920927 0.7030184169094127
2.8615500319800073 3.2230195036801828 15.34190215665033
1.2450449803992747 1.9720664392421146 1.0036152281658488
4.821415589265518 -2.002212950354476 15.583276879552853
4.474015602094477 1.2809677950901577 13.20708192150215
-2.768404528064753 2.8675671607416033 7.447310067732728
-1.5246002461572727 -3.97041829299708 -26.50901597865813
1.3260120660562897 4.154999675406669 30.851299314946775
-2.084757529650224 -1.9688848940886219 -1.5747167828444804
-3.599336418206398 -2.6970444515630785 -12.838876512044244
-2.0625350102901763 0.4545120658487578 -0.09985591541589134
-3.3640004698154637 3.13461446978115 8.015704071052859
1.2842406903228678 -4.136394226899851 -32.11058392221503
-4.032415788171396 3.461699562127107 8.198398678000512
-3.816966067884584 2.2737956113423543 -3.700952633979316
1.2303145711378285 -0.5360977264219526 -0.3987952731704205
-4.843200324290187 -1.5642846992338177 -18.227399100683325
3.026296834945425 4.403555957723556 40.80874698605051
-1.2375293625102457 4.6849004953105915 47.58636239598097
-4.897804338584467 -4.301113589442974 -54.08365894745148
2.7932096539117577 -3.5849178154951913 -17.885785194450563
4.91248703273461 -1.6404145309633558 18.23092969714393
3.66894779745677 -1.3253468216031217 6.3700557207101305
-2.0591374965224407 3.36562386265628 16.009269819344297
-1.1253391628648455 4.790870619521867 51.030533607350364
4.661428331817476 -0.28265002207126777 15.867486243094632
-0.4332396700594918 4.020048937404514 28.880517495517974
2.8002988632245627 -1.5402945963856638 1.3046215381578987
-0.7462997352050511 4.786265182042271 50.69958388277423
-1.389050646960822 4.568023818206093 43.945117552483424
-4.886471782915617 4.809034990004289 32.35082409301852
3.590389000632788 -3.8882093857340694 -19.83682497619362
1.3936720394711246 0.3206807442321793 -1.1564720948626346
0.7933579110551845 1.2738085464490325 -0.9338625353917953
-1.9186754002293904 1.5812505346560055 0.9016175068806735
-0.7555848414794273 0.7976289633649705 0.12541246791522076
0.21418067877667557 1.4702934193091792 -0.0932962959442527
-1.0785135225480893 -3.365476976380357 -14.866341613070215
-3.658374820978325 -3.9929953598253256 -33.97333552343686
4.047007446302393 -0.32639657952955314 9.518598386951977
-2.3373266169596176 -1.2931482438464323 -0.0045551271367823
-0.34161228505720675 1.8373489571913924 1.5975985008877291
3.054313726553188 -1.7571870408896095 1.6886707029292864
-2.4012212145439493 -0.13306307715318333 -0.23591636664808302
1.786333036186484 1.9442948498286219 1.0843966164663925
1.2588468984691206 2.7242000981387307 6.524437830615889
0.9156389199104051 3.9477372734501213 26.052168700946417
1.577748312070339 3.9457581020389068 25.97775587690419
-1.690856337717539 -3.661523625488349 -20.15902561502563
1.819800354748832 0.7726931389523788 -1.1565066030296212
-4.772537718917245 0.19947124834542063 -17.163894484177288
0.02008576483712332 -3.9922734135862195 -27.842730626834737
2.65837642734473 0.503291592904711 0.6594052266326265
-2.922044176281341 1.3839010620083094 -2.126528181962777
0.4942268483001433 -2.3166226577785487 -4.369816567967445
3.7218887630014255 1.8703644298684319 7.9907202804873965
-3.3100597670148844 -3.4694931140021437 -21.355586005968185
-2.535217000782859 4.402815725700812 37.547289443311236
4.977861595865985 3.255878944410574 33.69302717126759
4.213572067314892 -1.8984004661886198 9.22569403176633
-2.1806295797971718 -0.825442831415776 0.6510201252779915
3.3600998879093087 -3.8645833177302666 -20.767012812140898
3.0302548415804313 0.5523493560403647 2.066683205843404
-2.468455310034212 2.4426434588524737 4.304642844968452
4.344198587959937 -2.2295365756682397 8.740807086176286
3.0477613427666697 -0.14015674811780165 2.7530578954059317
-3.3535737894514273 0.3694692935490762 -4.533842620488549
-1.3736358789137801 1.8742718982192477 2.273048324947053
-0.13889562928593246 -4.610070255007992 -44.23990016430042
-3.3027980828993844 -3.466755691636896 -21.268564084950967
1.697121843677646 -3.530526672655392 -19.19231164115327
4.582805155143554 3.3367182421105817 29.905176836931624
3.8541547107544787 1.6517664480900809 8.197677607921856
1.4343439553863924 1.8546997465392536 0.4911448463435537
1.2139000277883731 -2.778638685411321 -8.804214620472361
0.8021363543215916 -4.245954940707942 -34.726279813558854
3.990443262359255 4.60550819882976 52.955562540028176
-4.9904779829204315 -4.0676555459481865 -49.45065962778583
4.486293215766054 -1.388839146711336 13.622067270525424
1.6561312822029954 -3.1117395190464836 -12.701280872717739
4.446004909640216 -2.5948053017360873 6.990169397841667
-2.2717458366197 -3.5104925995838823 -18.193460080908025
-0.12960872345364827 0.3683021869231453 -0.21414945639136213
3.578661434100196 -1.8013390863492171 4.46641774049915
0.3970232218929972 2.4318667288140468 4.374626875368295
1.129208524860113 -1.9480439404885583 -2.5894829538761686
2.5873519470299122 -0.08427831566142885 0.9607757119117153
3.0790555738058707 -3.7638022536317184 -20.13640647195359
-2.6248752784466625 -0.41251574236542865 -0.6147702277239433
-4.112056478350573 3.2116128754044553 3.5573059013336232
2.7364757130381276 -3.1076053441653864 -10.535960738194184
3.9272375492443654 1.9542093082591938 9.964161272320863
1.7749976906082718 -1.7291195526290837 -1.5123185034557687
1.3763476343639338 0.5225933613188758 -1.3061277771843898
1.9579687472129574 -2.9667793397854894 -10.54642832429889
0.41709148288269127 1.873875409610239 1.0135165335554466
-3.8670723744018334 -0.9212401134529138 -7.168440526746301
-3.1921514815717256 1.1966552878998176 -3.6532051430228814
3.2350712012450717 -0.4719232536601492 3.9557483381002214
3.4166777310683614 2.960143843429586 14.569282055017368
-0.6113940283572799 -1.2940117969785705 0.7763079605711427
0.813239182698636 0.2874927214375784 -0.9812825278854237
1.4512433819690385 -1.5547009756654164 -1.1641776081198
2.0304040119666737 -0.6240648463568119 0.14622217860166398
0.8200411049971859 -2.247630980299885 -4.139461631828804
0.35108835502357394 2.6224144820214494 6.052400279488568
2.410038458995217 -3.1899344924256336 -12.650345343308919
0.3870610904880909 -1.8035574258432128 -1.505229334861887
1.6760097590949492 -1.4634374179994025 -0.8380718352760421
3.0042848980391224 2.1984291968472416 5.533061528558967
-2.3302877158704116 1.2132953628293581 -0.5207750122931518
-1.0591800636532045 3.990307485563381 28.599164586164548
4.900287157379124 -1.900791240281995 17.10065476389272
4.6571825662489434 -3.8435522371986677 -9.001572805269433
-2.439808140111958 2.8688747968052386 8.472316514114947
4.323726121206732 -2.377476085342204 7.5006085403033875
2.2876586491858477 4.84554320478861 52.146191020132676
4.404080506298227 3.851825290915121 37.402252140355635
-2.6849528479989093 -4.605066023159596 -45.41010372556198
-0.14608926843618875 -0.4643830244153939 0.5597762536723149
3.771976106271442 -1.9078304283936354 5.397164717961264
4.794817718323429 -2.6283064517930574 10.802162532283749
4.559355052249996 4.160550940467797 46.24576330115161
2.4018544652645204 -2.4080081268987863 -4.20405369445002
-0.32206999563029637 -4.591461758101511 -43.49064876305286
-4.931202107483223 2.3325151700760136 -15.038306470890713
-3.6952680487819745 -0.1972245803956385 -6.203124586171397
2.89635812353037 -4.126802436498727 -29.050860569838854
-4.527459788946533 -0.2897015318771059 -13.755672051041113
1.259532157223342 1.0927254568877398 -1.300244068892568
1.6817071025235473 -4.2233896865338805 -34.173441293303725
1.1365897069955277 -2.9555705516380906 -10.79640310562804
1.3588656278638487 2.717946753150615 6.464076071893207
2.362580867171646 0.473111592564619 -0.14525781874371013
4.217946921035537 -3.2747428734181048 -3.4939155048238293
3.6371377600701305 -4.4945932519357275 -34.91803921185083
2.593913529283287 1.2281628391631365 0.5947652147525977
4.657364884425007 1.9441070202567756 17.2770797287068
-3.8306986350104513 1.2812514281314256 -7.6414257214702435
-0.691974158165058 -1.0382413271796076 1.1043645808346585
3.970384787194652 2.26743551716015 12.10871550319356
2.4618884887051973 -2.5708974609395385 -5.402932600435656
1.199318276914073 -4.100212098921613 -31.21994320316154
3.8032566513313313 2.0474604539326204 9.443496369820535
-0.9364392962929706 4.6609629052161665 46.73995977029453
1.0707243434043976 -2.278122320908984 -4.458642169152123
-2.0075768450587326 -2.5787214636139333 -5.6059517474314
-4.368083017839053 1.2992297029819415 -12.503333415258163
-1.9067995084197173 -0.4380360813989217 0.9162308658747615
0.40738916831890215 1.153099563918527 -0.7803633400363233
-0.12007568366855281 0.9366485572529228 -0.40605331158516456
4.179957726899172 3.137201809930101 22.727549015638616
1.3088494192395004 -0.9603496464170185 -0.3429167668498374
-1.5665452630385568 1.874500365896794 2.2164287614224847
4.282068084014847 4.208781961664222 44.489298651722805
3.377777406201906 4.140927407298399 35.69178494883564
-3.8891478838720026 1.197364203047698 -8.214936055104433
-3.414576120814068 -3.632463747645872 -24.880097543458
4.377558786046471 2.7266451702583243 19.808995921429172
-4.375824299067041 -0.9514429310585006 -11.860891824534402
-3.6736212510716992 -0.39182201717705567 -5.880099916516889
4.166020539882881 2.1189307241512854 12.932770890055634
-4.923989864183389 -1.423534961212666 -18.97193041140931
0.4559981080709061 -1.7600714008390694 -1.4031829503887234
1.8446607660316525 -3.2580897320369164 -14.62373203317754
-3.724590294557919 4.76647710212373 42.76970420657606
3.7262853563668514 -2.7512141241107546 -1.0392421424614273
-1.144858132200317 4.051717817713103 30.05037235779694
4.01197917056939 -4.04444309865573 -20.130720682984443
1.2499204472288925 2.521602761435221 4.635808191976464
3.5986023162751106 -2.573356825522015 -0.2255068637996076
-1.455599745194708 3.754624778625274 23.54902035650376
3.810898076277782 2.4945702270448953 12.525330037241686
0.45169966012891827 1.769900624061318 0.5689815293871892
1.0713408645786702 1.8197271460625934 0.36779133878075543
-2.34530622328444 -0.9505870655112751 0.28635734299627025
-2.1822427338525996 1.1823698143685926 -0.252099541538934
-3.3797421106712733 -0.842748717601002 -3.7979067410498812
4.497059040221858 -4.552629025119406 -28.935015099272988
-2.3218229381255417 -2.3158395778821763 -4.075717395957324
-3.0924872416466984 1.2846617614543003 -3.0470863305139977
1.4482566090189195 4.5362365298979785 41.29510693425074
4.338822280915478 3.3480106904574 27.413381455000433
2.8998798446636957 -0.6599176544433396 2.4935373289472347
-4.658297852440267 -1.555970001956707 -15.886036418242764
4.777824731921749 3.129668458608009 29.23304684035334
-3.2729054819669825 2.848939707940654 4.973800761447657
2.488546346698641 1.9399582287487842 2.3041968930770356
3.9111159368751895 -2.469390923064098 2.9947694425700755
4.834190119682457 4.72617707862053 65.81776903369337
4.448066765738737 -0.9500888148740234 13.67447955928234
2.3397109405449514 2.5106594596791174 5.624119983091418
2.351407542537495 4.916173674973294 54.741580158335715
-3.6339083100179725 -2.003364451849614 -7.980310253690465
-1.4600518043752189 -2.242796210953044 -2.560429126948433
-2.835535648191063 0.30604534087250634 -2.015867153530261
3.994181306481668 2.2737440023458717 12.353824411804599
-4.516606384999728 -4.503283191358162 -55.06992321754712
-4.200847466199287 -3.235074465422334 -24.319319871121706
1.6959716827395894 2.9625361286771037 9.317651008800905
3.142814844172122 -2.603241529731035 -3.1519877476451215
0.5891842170580794 1.2306651652772027 -0.8469999220017622
0.7883443472880938 -1.9049354394980411 -2.241714671986786
1.9958942285860246 4.5174558607305695 41.17159747617968
-4.682504718767171 0.239451046905228 -16.083661280134734
-1.5633888116626746 4.492121758478799 41.63064200855665
4.548587464714194 0.9484547728814068 13.751291451290955
-1.8331914801196545 1.2089919964310951 0.2756467414140076
2.7269480469316765 -2.776395738791184 -6.595648586737752
-4.882600918486211 -3.857830471248392 -43.24737399067357
4.983039904611616 -0.9684040194630192 20.277736925890203
3.7583665771358916 1.392244498661758 6.816339438256559
-4.9905816954467 -0.9765334835010915 -19.357495979151984
-3.480796611016017 -4.790344545689016 -55.126465224326424
4.680439386895678 -4.112621915426655 -14.841138729116583
4.040157656427926 2.4630359158608055 14.15726345761696
-2.5545426543062333 3.1911382753028956 12.277635127332172
3.27762340839166 2.7419994928074445 11.330503141815578
4.862707967217418 -4.832005202684836 -33.44354491016044
1.1074214798364226 -1.8380334884853444 -2.102539501021649
1.0703055695210297 -0.8572193988088088 -0.2828207670719399
3.891247404613484 4.183900669082838 40.32859737407375
1.4027105489461933 0.1582188885196354 -1.0069552925187508
-0.522017843761593 4.020063860750389 28.957455783525273
-1.0408137767274184 -1.2179950988417376 1.129852344118208
-0.5850813718474992 -3.8497175689489005 -24.132291554278616
3.312498190062156 -3.605780017284891 -15.87788936204965
1.5874646139980833 1.430546051557683 -0.7541354910339608
0.8953613997923675 2.2584648919163417 2.7495658574461315
-0.8201109602465078 -3.87437768840857 -24.494588815365894
1.8085837970494758 4.050647129017907 28.554922522761686
-1.6787004555963891 -4.0641359647595 -28.767366576281727
-3.6616830871080386 -2.4016542322127563 -10.682078099345947
2.1875279311909637 4.551565698697043 42.50131747230085
-1.5108693322038502 -0.672631172574353 1.3415601544876459
3.03406038375371 -4.384054550168268 -35.19460386943086
-4.17171805433782 -0.14280340596469454 -10.207209652496179
-2.6016980801115697 0.1458601370161583 -1.0647023687354622
-4.083919972815951 2.441484023836975 -4.703563152159803
-0.6765713464496228 2.760891532194785 8.376218166065254
0.9864332955959974 4.300993907702377 34.68561511020013
2.7019966888515867 -3.1126565211811053 -10.722689829021206
2.0911334920492495 -0.09580554652454687 -0.16692949543317348
-2.5356215241648417 -2.0079423113559 -2.7647726191197237
-2.356631767044428 -2.373248354026961 -4.571163858036776
-2.2600583258438545 2.42666766224529 4.669554991434941
-4.222761382870733 0.1771008259796325 -11.011376483479934
-3.990451038510441 0.6067961968529376 -9.2131821195846
4.001316149590252 -0.10797349506172971 8.918667147009868
0.8710457564746399 1.9477179919237546 1.007849065147158
3.043287295980262 -3.4634960738967124 -14.71636263324475
2.9180075150141533 3.232110666276885 15.701298782221524
-4.969125224613103 1.1353587701176941 -19.97420461206557
-2.672732466376119 -0.6403119412715625 -0.6367515954380973
1.6231403947609033 -2.256106067459408 -4.253580541261246
2.826636500965364 3.4960568391566618 19.559326524069125
0.37183009301013215 -4.827209562448122 -51.77604200668979
-1.4232804945715163 -1.4876815367756837 0.6880607046182075
3.308064922931351 -4.851419801507603 -48.308593113057015
-3.9784908435145026 2.220578417530196 -5.361906903051747
-3.596289562928978 -2.626787043683878 -12.141729423652752
-1.2758716038634645 -2.327601526480998 -3.117068955941779
2.86047862819915 2.3407826446799964 5.892701636627365
0.545253180956184 -2.443561448558873 -5.3645144717177455
1.236186024484775 -4.123654738675556 -31.79511636126732
4.055999651999024 -3.6495367147738635 -11.365610347960953
4.076209406517853 4.397333111681265 47.58669569890916
-4.934739824662983 -1.415548329565902 -19.10175194447514
4.279533102322365 -3.7577750435016535 -11.37787138752413
-3.6935767570881217 -0.5547642368547638 -5.914958080999879
-2.8341738073767586 -1.5989886571013248 -2.164079991404727
2.227958487391404 -4.037646544040248 -28.890531619550778
1.1584305535738455 3.6918757261085755 20.620641614397385
3.8351805209472243 -4.303665684761041 -28.104734670592208
3.852177660383905 2.548527788612658 13.308333737100678
1.058287136961206 0.1299407210659762 -0.9500805388540763
0.7203089893685233 2.5611873956267335 5.19353535316304
4.862332675186391 -0.6171320300801133 18.62860657114383
-4.065777165167031 1.8868727773821625 -7.90409115989768
0.5468367275240134 4.516259830058214 41.02778667062779
1.4475097071197487 -2.706292228195167 -8.045094579150703
4.797143737252867 -3.840021214070015 -7.190205232215854
-1.5211191223218998 -1.093456808942721 1.2569672064469968
3.026562130688891 -1.2915708273081208 2.7324476375879154
-1.3810069655971366 0.9513676044879187 0.3334150832517586
3.022307746631901 -4.632838656653852 -42.585866766216654
-1.1656008099587578 -0.5394795733398805 1.3098528606656936
-4.717030955240762 -4.784961857494333 -66.26706275054852
4.430610647505569 1.7854102952312454 14.024498988846046
2.2077427192023684 -0.350179057467912 0.27313000262388787
4.321277084413998 1.2667965156314818 11.567004987240171
-3.778820753953892 1.4917649759142106 -6.845008952410548
-3.8073851526069102 1.5714895850852484 -6.862154583023132
-1.9318025843219888 -1.873347012172407 -0.9238834272146508
0.5193233533620365 0.41780698910611136 -0.872651624930213
-0.5883433002570158 4.999296028985707 58.02192132248502
4.636260925975012 -2.524678330964476 9.773473963192739
2.7521294316475604 -1.3903136849071283 1.463510222092812
0.9851409795374835 -2.783157203861869 -8.789885153324304
2.5876773768258854 3.7048398917040366 22.598955918120957
-3.2865585751760995 1.09775417849555 -4.249694427752834
2.875389883858592 3.843751718228388 26.43014172051303
-4.52368747376341 0.14460475359134772 -14.133725823197267
2.1241119644669464 4.302478596994101 35.31242856805327
2.520425080520484 -0.5825517128066675 1.165498896945484
-2.8599719861706197 3.922146908483141 24.426887850403162
0.7304137665059898 1.4112433469202532 -0.6583997231404148
0.8610117072929135 -0.7489028766029948 -0.1944613027150599
2.3040097905495847 -3.463385948986366 -17.166204926518095
-2.6463279413233884 0.23330972150378937 -1.2871060668798453
1.0218880453771417 0.17837362787008537 -0.9840016265122983
2.882869390692006 -3.6516837105426267 -18.786541997527955
-1.9839563994152467 2.8065351056684005 8.66865023867726
-1.3971757066147683 -2.2595107799698178 -2.656639541212601
-0.8295882763432711 4.917952551718493 55.2708813269503
1.3735026288113605 3.193690239393396 12.238305329686913
-0.5396926383851541 4.081948415315118 30.433635556698206
-3.292536564592925 -1.5326785119695288 -4.113739212940676
-3.403658250090854 -3.6435302208515754 -25.02351355069619
-0.468151869684573 -1.6603473411899703 -0.18060540036998995
4.713927053202527 -3.7118427094427133 -5.6228169203019736
-3.7996636842264375 -2.979049685058084 -17.411914319938493
1.517994146605691 -1.1727659634379983 -0.45214293793448324
-0.6855716087876109 -2.815824511888916 -7.726198751433604
2.6097850756747683 3.3362864331426003 16.17674677746258
-2.986555756488134 2.9784084759197063 7.891028600307177
1.1780421984440634 0.11685892101720796 -0.967129719792932
-2.865529724974575 2.8054896911938663 6.394803190657203
-3.0344334580409003 -2.509329031191352 -7.944606981904735
2.3173613770651027 -3.3629362688276387 -15.481798511530458
0.01387134575379001 -2.9672293543525488 -10.109052763376955
0.549402745516864 3.7299681504716844 21.70068964671717
-3.2307792477324693 -1.2282771031446114 -3.2120052323377513
3.725587748804724 -1.4612408454022052 6.517848870939579
3.1627464920792807 -2.048497412551842 0.915022144025671
-3.333091768325107 -2.553681626750545 -9.84567273300367
-0.36946918618251967 -4.807419605837669 -50.38601641539659
-4.387612690087261 -4.235425810822038 -46.25957083166107
-4.189809290099475 2.473692371090255 -5.42543388132269
2.9753429487914786 2.665704649287264 9.09811933779108
3.615388625481799 3.875982061556577 31.074901948599326
4.455844015400107 3.049566593838817 24.368607004982525
4.7346705399617335 4.228067977943256 50.056435888794816
-3.2917541926460423 -4.809742481129255 -54.66554374059601
2.4333185145539655 4.183107798291664 32.86395606424606
-2.339385016355684 0.03975116191097161 -0.26089562734662897
3.445393125710204 0.2817359180887191 4.4639212883333155
-1.4159780507183397 0.730454973423889 0.31259003312784284
4.762757144955719 -4.91201174763927 -37.5013707407828
-4.656863310933337 -0.4077958669875805 -15.167346184486467
-1.6657640124682391 0.6935484288870377 0.2145949315559732
-2.226792815830807 0.16909316811180908 -0.1482407065361886
-3.1889503275130817 2.4128822282384057 1.3140240813437893
4.369415087655348 -3.821799329909321 -11.774513635219588
-3.001662767925166 4.330361590390135 33.86385573551255
-0.34877241988524155 -2.334556814848513 -3.6870047118673828
-2.8323548908901763 2.743146105660599 5.865728165507222
4.667648746351599 -0.7757605766186337 16.213444872614325
-4.56056681499645 4.025016965398171 14.16888418527412
3.4120295355318504 -2.4717128413313527 -0.5460814626076673
2.8252802459447377 -0.718504292722054 2.218155875119807
-2.418357103973751 -2.2802746732022507 -4.05841491706352
2.188004133033214 1.2152312141771677 -0.4109629698768442
1.5166346669567847 4.258223218845687 33.52889057572236
4.191904111636738 3.5180111276703876 28.792323437653373
1.4137487243531153 0.4507256822181027 -1.253563322291112
-1.2403537340333317 2.4936969220495753 6.118563079986673
0.45498251129664435 1.2192095672184724 -0.749194552911183
-4.702673417702936 2.2915248100589096 -12.37240815646005
-4.230588297553743 -1.26876142523236 -10.665558240805229
-3.055895217421204 2.8067433862184057 5.597152398056125
1.2429724895945524 -4.732457789728811 -49.1208742129968
2.040608532612101 -3.8510869649038337 -25.047555462503357
-4.642312276659487 4.511035749978209 26.02045704936495
0.6956985042306743 4.5656069619665125 42.39054416006235
-2.135702260286033 3.8809016751579914 25.532419241952773
-0.23895175218583553 -1.9217947179431771 -1.390859612171727
-2.4569461143499307 -3.4621004551768864 -17.795875469884038
-3.9095784457270666 -2.5236445537058283 -13.554475552989285
1.577860073880304 1.5817118831347514 -0.395337219269277
2.615173348990332 1.666335029535535 1.6090278516379026
-2.0315961035115038 -0.7266481659428612 0.8893678412386719
-3.0337973612120015 -3.040517505056437 -13.56466175967094
-0.12915961186592906 1.5819004947324187 0.526109339863557
4.898072387577631 -2.8745059445184107 9.602763821007887
0.12040016817671084 0.7259948578977742 -0.6547214344681478
2.862404645304321 -2.8789041136608606 -7.223264592406142
2.3979093417802266 -2.126807675416348 -2.323626846641993
3.2105157394449524 -2.0418799184598404 1.1932074091810012
3.621967577700694 1.3884840003490018 5.831033482935549
4.984977841407122 0.5374055883799755 19.33056315678326
-1.4122124099764646 3.5379696760090233 19.453744368063536
4.305599883699568 0.08372368603808855 11.574575917688282
4.0520644048450905 2.8783357298697876 18.299193843380166
1.5773559885831858 -1.172967624135357 -0.4263951869378695
3.5881489568759832 -2.5157985183610476 0.20544982759536978
-0.863005430760337 2.5170933968758593 6.191211261406442
-1.2984259781300977 -3.0495687842464605 -10.270107384999001
-1.8696450555637654 3.3238805311735273 15.600086677031497
4.824632196961565 3.1307714711841843 29.848750571319066
2.401567321673749 -0.8115040557201549 0.9129534691856156
-1.2149648324735765 1.3730787738784391 0.7775583514667096
