-3.766560 -1.673187 257.779344 
-1.869834 -4.979036 36.135853 
2.580678 4.771585 33.779645 
-0.397215 1.667478 -0.189669 
3.527609 1.432850 110.549759 
1.121468 2.618784 0.981557 
2.219529 -4.948650 30.527664 
4.597309 2.819597 350.689080 
4.271390 -2.265376 259.772423 
-3.932803 3.633669 303.022747 
3.724605 1.339288 140.338611 
1.541549 -2.612084 8.007424 
-4.700090 0.214507 591.643141 
1.570764 -0.086256 2.301998 
-4.766632 0.486906 624.167328 
1.177626 4.160987 4.786009 
-0.242393 -1.357787 2.297274 
-1.077136 -0.866858 3.838412 
-3.941324 -3.957218 314.318015 
-4.434212 -1.601587 476.674172 
4.999155 -3.212538 508.013726 
-1.396980 0.227535 6.333199 
-4.503562 2.494413 503.320386 
2.568394 -3.807207 37.627611 
0.994888 -2.843424 6.880921 
1.169042 -3.932393 11.934328 
4.698658 -4.501835 398.311855 
0.078170 -4.693994 15.710346 
-3.897252 2.773385 290.958990 
0.628840 3.789967 3.299661 
-1.155936 4.881505 10.362985 
-0.652195 -1.027773 2.014276 
-2.519423 3.024578 57.832106 
4.031472 2.894049 199.923462 
-0.944311 2.455181 2.196010 
-4.640019 -0.140928 563.580858 
2.694707 -3.285312 41.843067 
2.963974 -3.163642 59.307731 
-4.536729 -1.264268 519.053059 
4.571709 4.758152 347.842715 
4.111538 -1.985275 220.221896 
0.592304 1.423055 -0.495229 
4.302009 -2.610098 268.917265 
-3.840035 -2.736486 280.545993 
-3.044046 0.572864 113.660723 
4.328104 2.333693 270.219238 
0.867558 0.971011 -0.586061 
-0.472308 -0.140339 0.305309 
3.524034 4.275875 115.328265 
-0.308503 -0.797482 1.153891 
-0.062574 -2.246359 4.769684 
-4.001764 4.559269 326.370766 
0.973126 -1.494066 2.585416 
-2.212793 -2.967240 42.179599 
0.625234 1.515907 -0.458518 
1.416759 -1.196610 3.097696 
-2.969908 -2.075474 108.223518 
3.985093 -0.365120 189.349752 
-2.210764 -4.798395 51.003167 
-0.251493 3.126188 1.780245 
2.749839 -4.889625 53.228624 
-0.850289 -2.282220 6.023956 
-1.117881 0.080343 2.881497 
-3.654711 -3.659296 237.577331 
-3.256673 1.677042 146.754680 
-4.002185 0.876847 320.172346 
2.051150 -4.966855 26.372720 
-2.967068 -0.294368 103.959745 
-0.094321 -1.953163 3.861504 
2.412056 -1.639914 22.800482 
2.322344 -0.653417 17.429331 
4.904485 3.162508 462.459513 
4.929755 -2.145034 475.250959 
-3.642218 -3.984652 236.220243 
-3.020660 2.387835 111.279212 
1.816457 -1.445481 7.383561 
3.654136 -4.904654 146.434768 
-3.766743 -1.098114 256.454157 
2.077970 -0.719290 10.650164 
-4.442649 -0.374861 477.684495 
4.440293 1.103666 300.688202 
2.512675 0.650732 23.557857 
3.246398 2.625510 77.679658 
0.855591 -2.408996 5.220179 
-1.860212 -3.052687 26.123489 
-1.709797 -3.867945 24.893170 
3.786359 -0.876636 152.513272 
4.208417 -1.296197 241.273349 
-4.254165 3.950334 408.378387 
1.871553 -2.720566 12.134777 
1.515227 -1.636172 4.767086 
-4.407985 3.582360 466.020724 
-1.041982 -3.938972 14.006830 
4.809092 0.350956 423.363978 
-2.585876 0.360277 61.708389 
0.034162 -0.841508 1.195537 
4.444696 2.660853 303.345706 
-0.387948 1.486142 -0.300794 
-4.972019 0.528510 733.650609 
1.222185 -0.697823 1.346927 
-1.048536 0.781943 1.885305 
3.271262 -4.187168 92.461752 
-1.198796 -1.097849 5.488584 
-1.653847 3.970500 15.916926 
2.258371 -1.987007 18.455309 
4.611605 4.892268 361.281276 
-0.286570 4.669275 6.262069 
4.550370 3.439226 336.988619 
-0.898870 -4.654684 16.866795 
-0.895368 1.467392 0.969725 
-3.200116 0.393748 137.328191 
3.928004 -4.238781 190.677109 
-1.726708 -3.174683 22.251665 
-3.406387 -1.873869 177.795963 
-3.270476 0.949049 148.887060 
-0.692018 -1.354614 2.832838 
-3.704662 -1.048814 240.806025 
-0.795650 -2.824177 7.716623 
-3.734385 4.392034 251.811880 
3.632186 -2.011909 130.166474 
2.910945 1.524606 46.773365 
-4.726790 0.647874 604.359859 
2.290957 3.505911 18.162313 
-0.135370 1.967530 -0.029126 
-2.622216 -3.566081 75.234597 
-3.627429 -2.054453 225.034638 
0.870219 -3.356955 8.906004 
3.862823 -3.562410 174.917257 
3.327683 2.970431 87.214123 
1.982971 -3.963137 19.480963 
1.007788 2.576392 0.750478 
-0.886771 3.632745 4.281361 
-1.500247 3.535198 11.156122 
-0.755137 0.354652 0.464003 
1.561559 4.207595 6.782645 
-1.186565 4.478189 9.201788 
-3.943718 2.545399 303.923414 
-4.344605 -0.221907 438.541458 
-1.510445 -0.001241 8.652216 
0.239778 3.923552 3.763099 
-4.058898 -3.776212 349.189140 
2.352147 1.000446 17.096123 
-4.067536 1.654551 340.742871 
-0.901232 4.071497 5.608746 
-4.063351 2.676786 340.602390 
-2.330477 -1.346486 44.407216 
2.196779 2.906688 14.005150 
-1.873310 0.324491 18.617253 
-4.843806 2.443224 664.676113 
-0.473153 -4.519844 14.890385 
4.499188 2.700404 319.636493 
3.439078 -2.030289 103.300527 
4.148977 -2.840804 231.777422 
0.041582 2.910275 1.324505 
-0.131188 2.803767 1.129341 
-2.582178 -2.738031 68.160950 
0.830184 3.921353 3.669989 
-4.751911 -0.585912 617.945194 
-0.733771 4.275401 5.549098 
-0.602425 -4.279083 13.784698 
1.821842 1.006832 4.469608 
-4.238160 -2.636864 404.872527 
0.049223 -0.942418 1.386380 
-4.255602 -2.757861 411.607914 
-1.496260 -3.957014 20.148012 
3.953020 -1.850457 185.974506 
2.358994 -2.838824 24.708411 
-2.963009 4.201930 107.717926 
1.574480 0.127972 2.122478 
-4.822329 0.598119 652.511653 
-2.589496 -2.175663 66.869880 
0.661476 3.768164 3.233388 
-4.221431 -2.184699 397.368457 
-3.098863 2.554148 122.682608 
0.545741 2.123706 0.057523 
-1.042113 -1.950400 6.163561 
4.548362 -1.664935 336.932993 
2.017821 0.074528 8.290435 
0.477453 4.053863 4.106164 
0.889565 1.957744 -0.119102 
1.671461 -3.726028 13.803193 
-0.065487 3.361578 2.288825 
2.532176 2.596318 25.650663 
-3.308311 1.932539 155.935315 
4.511848 -3.035742 330.195094 
-2.302462 2.065995 40.378396 
2.650829 -4.339801 44.506871 
-0.027877 -2.477611 5.546911 
-4.896135 -0.428260 692.554180 
-4.752490 3.662775 620.520240 
4.368800 3.980429 284.848043 
0.332260 1.519132 -0.389744 
-3.076017 -0.762286 119.684934 
4.075035 -4.982940 225.484413 
-4.122079 4.900308 365.858892 
4.593038 -2.579866 354.054080 
0.780768 -0.757681 0.940377 
1.833685 -4.992872 22.597407 
-1.981143 -0.550914 23.883579 
1.198714 -4.291674 13.843183 
4.741543 4.906047 405.978979 
1.330300 3.558386 3.550272 
-1.839774 -0.506931 18.319302 
-4.668097 3.892771 580.260689 
-1.754978 -1.907848 18.619100 
1.412073 -1.251628 3.195147 
1.885368 -4.946710 23.115194 
-3.849248 -4.521431 291.311305 
-3.361929 2.678759 166.655481 
2.205841 3.216889 14.899646 
-1.674072 1.453055 12.148343 
-1.239546 3.008810 5.782948 
2.667663 1.514916 31.291870 
-1.575531 -3.297890 18.808664 
-1.984539 1.531761 22.968219 
-0.978417 -1.481962 4.433126 
-2.078935 1.842861 27.519734 
-3.045638 -3.429949 123.605764 
4.856827 1.562078 441.521556 
-1.905834 -1.445347 22.605120 
-1.209982 -2.153421 8.386976 
1.310407 -2.671452 6.938254 
1.185420 -4.487841 14.867067 
-4.109396 -0.161920 354.746326 
4.682105 -3.206603 386.284948 
-1.088797 1.321198 2.247690 
3.417765 -3.593905 106.577158 
-4.217234 2.539878 391.997709 
-1.448091 2.095219 7.533622 
0.230107 3.091083 1.676933 
-3.140975 -0.027166 128.347995 
0.526253 -2.054963 4.097354 
2.802914 -0.687511 40.625139 
1.681097 -3.401598 12.422867 
2.621398 1.285640 28.747919 
3.734571 0.983899 141.933384 
-1.726051 -3.106349 21.949330 
-4.640078 -1.108976 565.181248 
-1.341138 0.672375 5.201048 
2.696019 -3.989184 45.181255 
3.548577 3.783046 117.256018 
-2.133854 -0.490612 31.059943 
4.652879 2.325331 368.338190 
-3.943112 1.579505 302.720255 
-4.644965 -2.108703 570.061087 
-2.931277 -1.493825 101.625264 
-0.163721 -2.672510 6.248770 
-4.169171 4.078210 378.839587 
-3.486230 0.490317 189.715637 
-0.795215 -3.664566 11.281846 
-2.534203 -1.235804 59.518950 
4.213526 -0.867094 241.634449 
-1.498422 4.782657 15.059837 
1.116625 3.671770 3.231551 
-4.288000 -2.852383 423.843483 
4.086730 -4.504488 225.331234 
0.519082 3.857956 3.516692 
-1.613941 1.971541 10.960953 
-0.380826 3.444924 2.565090 
-4.731433 2.120609 607.201622 
-1.818448 1.168596 16.461999 
-4.813635 4.849076 655.343701 
-0.073195 4.358813 5.141233 
4.352655 2.040225 276.513304 
-1.398246 2.508892 7.194462 
-4.162457 -2.920132 379.494507 
0.745367 -1.231037 1.883319 
-0.305388 -3.381228 9.134758 
3.999427 -3.313902 200.685795 
1.341774 2.814916 1.972576 
-0.306858 -1.547516 2.782680 
3.383571 -4.681942 107.974586 
-3.050824 -3.351420 123.993118 
3.980677 3.806550 191.450464 
-1.237407 2.111560 4.356966 
-2.666790 -1.524772 72.230060 
-1.355107 2.134042 6.003479 
1.507743 3.911048 5.477407 
-0.985053 -0.055290 1.954181 
1.456787 -2.409855 6.725772 
4.824904 0.778310 429.146660 
-0.375421 -1.932206 3.871693 
1.905287 -2.905357 13.387253 
1.855750 -1.023728 7.016701 
-2.496837 3.993298 58.410859 
1.175514 -0.480714 0.881355 
-2.634889 -1.571597 69.299918 
-4.611028 1.465165 549.700722 
3.940028 0.516473 179.441640 
3.029646 -2.893667 63.521477 
-0.322093 3.503234 2.677267 
2.578882 4.938314 34.334862 
3.619649 3.982102 128.180980 
-0.233738 1.813104 -0.153676 
-1.442722 -0.958284 8.752800 
4.599596 3.662556 353.322499 
0.692542 2.334065 0.287741 
0.311144 -0.187201 0.183974 
4.344668 3.907648 278.025437 
3.871372 -2.736602 173.084551 
-4.236927 -2.090992 402.594677 
-0.082113 -0.118387 0.125994 
2.293891 4.192024 20.212170 
-2.266631 3.869567 41.657416 
4.053557 -3.807418 214.438669 
-4.192449 -3.919915 394.229827 
-4.750330 -0.358677 616.825022 
3.470935 -1.029831 104.884054 
1.487898 -3.075535 9.412113 
-3.045915 4.880605 121.362204 
-3.160423 -3.069800 139.114466 
2.311496 0.101197 16.101376 
-2.195843 1.718051 33.594573 
-1.159084 -0.126440 3.496557 
-0.682313 3.361947 2.823788 
-1.900562 0.437014 19.571078 
4.600013 1.791549 350.227116 
-4.891772 -1.234668 691.671716 
-0.009174 -3.498431 9.617939 
-0.126845 -1.967296 3.904721 
4.317641 -0.777679 268.115501 
-4.071376 -2.598360 348.228948 
2.366885 3.800817 21.546685 
-0.487190 -1.508613 2.818542 
0.298196 -0.637452 0.822015 
-1.491308 -3.621711 18.442942 
2.557689 1.322538 25.614992 
-3.737626 1.883632 247.261046 
2.689693 -0.622949 33.695753 
3.903024 -2.686499 178.900416 
-3.601547 3.539666 217.691636 
-1.701543 2.136821 13.455036 
4.895834 1.320073 456.724235 
-0.497012 -3.012106 7.732287 
-2.828774 2.780577 87.752379 
-2.405773 -2.189974 52.009934 
3.263555 -3.819480 89.793595 
-2.216380 -1.140754 36.810093 
3.987182 1.636445 189.050228 
3.834986 0.713581 159.438698 
3.868592 -4.226770 179.243459 
-4.081684 -4.119451 358.166383 
3.757632 0.306106 146.052360 
1.009362 0.054952 -0.043814 
4.614560 4.576717 361.074658 
3.600154 -4.876612 138.095672 
-1.698437 -4.740112 29.195321 
0.954255 0.309121 -0.301093 
1.214073 -4.130964 13.046483 
2.652462 0.246630 30.621245 
2.578063 -4.937371 44.166078 
2.620251 2.832361 30.326915 
3.131968 -0.589698 66.262297 
-4.559983 3.225188 529.160781 
4.472248 4.769405 317.194930 
0.359832 -2.422905 5.328313 
-1.100750 -4.229803 15.977244 
0.365421 -0.529403 0.638573 
3.055570 -3.112203 66.597112 
-4.952791 2.605981 724.009749 
0.444028 4.398880 5.227519 
4.525850 -2.418195 332.203804 
3.508019 1.704306 108.020150 
-4.940054 0.009937 716.109722 
1.987607 -1.321379 9.949284 
0.557377 -3.428305 9.228296 
-1.811286 0.330563 16.429842 
3.638493 3.574553 129.906930 
0.314747 2.172828 0.166396 
2.313861 4.255215 21.074707 
-2.088415 -3.423007 37.412561 
0.349040 0.710567 -0.485795 
-4.976069 -4.243244 749.579840 
2.241123 0.258834 13.745155 
-2.385772 -2.885331 53.025307 
-1.640381 -2.623580 17.719860 
1.607358 -4.813873 18.922774 
-1.345246 0.579208 5.297974 
2.860626 -1.188901 45.451097 
-0.164023 3.995238 3.990863 
-0.306189 -3.461746 9.491085 
4.652413 -0.390151 368.268636 
3.001566 -4.442773 68.438867 
0.591048 -0.836383 1.101712 
-0.611857 -0.167655 0.550922 
1.776541 4.281904 9.239457 
-1.072817 -3.149334 10.667882 
-4.553958 -1.268925 526.603390 
1.460569 -1.106839 3.154413 
4.861344 -0.132731 443.757954 
-2.975305 3.009582 106.223644 
-1.500186 2.859235 9.669647 
-2.935222 -2.068300 103.723000 
3.816867 -3.509006 166.299986 
2.167822 -3.282257 20.566132 
3.771449 2.792414 149.779258 
-4.195060 2.354653 383.952492 
-3.221147 3.037047 142.653681 
2.115326 -2.624863 16.626663 
-3.547940 -3.029521 210.734233 
-3.301220 3.630267 157.703566 
0.228110 3.715132 3.176809 
4.686196 -0.664479 380.235138 
0.104879 -1.724717 3.211008 
-0.754689 -4.738245 16.717960 
4.013733 -4.547614 209.760335 
-1.367394 2.239556 6.320988 
-0.363887 2.243427 0.338773 
1.475678 -2.671564 7.768768 
-1.326297 1.324822 4.980106 
2.130220 4.674530 17.176463 
3.064194 -4.719058 75.241879 
1.181875 3.351648 2.565378 
1.512129 -2.802150 8.498877 
-2.193307 3.429575 36.144343 
-4.678505 0.508681 581.128026 
-0.300272 -3.951138 11.792086 
3.535405 -2.578725 117.941529 
-1.501904 -3.996178 20.457016 
4.320094 -1.947129 271.531364 
-0.382832 3.135523 1.857817 
-3.800129 2.034577 263.454737 
-1.499052 -0.897810 9.719151 
3.775540 1.367167 148.944724 
3.714731 -0.311308 139.517925 
0.027554 -1.711648 3.176498 
-2.054067 2.032173 26.500764 
-4.686115 -4.849626 601.741867 
-0.659225 1.362582 0.041074 
-3.563936 -0.713266 207.567120 
-4.832935 0.908623 657.950105 
-1.664555 2.513949 12.935090 
-4.326355 1.446225 430.916415 
2.919174 -3.118731 55.723300 
-2.362204 -1.233204 46.311235 
-2.365377 -4.314735 58.161625 
2.122270 -4.594652 25.877581 
-1.225556 -2.411415 9.415615 
-4.741935 -2.771496 618.856975 
-2.471106 1.192471 51.895663 
2.466882 4.858498 28.965179 
-4.703961 -1.481808 596.280484 
0.483193 2.469906 0.522008 
-3.137825 -3.463633 137.299551 
0.591987 -2.515569 5.594966 
-1.111957 3.098976 4.606530 
-1.806723 2.045731 16.599691 
2.519170 -1.397547 26.661382 
4.154917 -2.509630 231.953788 
0.858716 -1.453863 2.421259 
3.258113 -1.558543 80.871812 
-4.936381 1.341727 713.639999 
2.549134 -2.888169 32.719542 
3.345137 3.848038 91.338518 
4.521543 -3.494741 335.132770 
4.908265 -4.839263 478.682674 
2.618007 0.675569 28.585663 
4.485174 4.872958 321.457598 
-2.157640 2.793778 32.826368 
1.193006 -3.371886 9.384412 
2.571634 -0.655972 27.599897 
-1.900616 0.791184 19.436488 
3.230804 -1.448845 77.728803 
2.279071 -3.244982 23.651428 
0.895855 -1.676661 3.007381 
-2.652786 -1.630418 71.151165 
3.734425 -3.449375 151.807405 
-2.751167 -2.342524 83.198191 
3.292079 2.308031 82.134209 
-4.522367 0.921166 510.269985 
-1.493039 3.938264 12.114104 
3.530984 2.227263 111.676508 
2.752582 1.790489 36.363425 
-4.525121 0.892380 511.461695 
4.297630 -2.317623 266.754603 
-0.465798 -4.700612 15.896630 
2.367481 -1.493882 20.755717 
-3.174115 2.067010 133.554296 
0.910353 -2.703596 6.290678 
1.005859 4.060930 4.190609 
-3.564293 0.999229 206.177700 
1.885800 0.739169 5.474517 
-0.429712 0.692932 -0.339411 
-2.509467 0.438047 55.118611 
4.594533 4.273108 353.488117 
4.850742 4.999265 447.007168 
-4.787681 -2.081060 639.402358 
-0.395973 3.272898 2.169703 
3.289730 -4.293376 95.030053 
4.806106 -4.502564 437.172413 
2.506163 -4.324004 37.380778 
1.419687 -0.667304 2.090844 
-4.405346 3.526834 464.821735 
-2.165610 0.981668 31.651466 
-3.923228 -0.705969 298.245292 
2.462303 2.249858 22.111489 
-0.810901 -4.508577 15.637813 
-2.055052 -0.550647 27.216962 
1.848607 4.293205 10.283537 
0.696718 -3.862800 11.220843 
3.228959 -1.538087 77.760362 
-1.799013 -2.125995 20.682921 
-1.156106 0.484205 2.964698 
-4.570951 -4.045884 544.276381 
4.582454 0.658963 344.284962 
-2.504600 2.148044 55.221214 
0.232928 3.619378 2.920877 
4.876904 2.276187 450.008968 
-1.063769 -4.024546 14.607321 
-2.837260 2.943834 89.032517 
-4.324318 -2.746734 437.062380 
4.826082 -0.777191 431.148255 
0.788240 -4.136186 12.586493 
-0.811716 4.884590 8.013973 
1.119427 -2.786766 6.837328 
-3.368815 1.307876 166.577689 
1.321619 -4.134376 13.423351 
-3.690528 1.410352 235.353461 
-4.080640 2.180101 345.422043 
3.527549 -4.592898 126.088022 
-1.235481 -1.758405 7.520198 
2.030575 4.872466 15.626519 
1.866802 -3.088648 13.497691 
0.682734 2.905698 1.214875 
-2.268820 3.753422 41.466750 
4.834878 -4.861051 450.095126 
4.578368 4.767688 350.010929 
4.368067 -2.684269 286.990791 
0.091019 -1.826684 3.494385 
-3.630657 3.238706 223.620454 
-4.498171 0.066854 500.345359 
3.531667 2.614438 112.321390 
4.998199 -2.874432 506.240479 
-1.181523 2.429361 4.119744 
-2.742033 -3.092095 85.020784 
-2.684969 -3.293283 80.042755 
3.703522 -3.739786 148.065669 
3.338729 1.306861 86.587983 
-1.115069 3.522551 5.614072 
1.813207 -4.143536 17.575757 
0.913060 2.735339 0.939522 
-0.663474 -4.721272 16.352308 
4.382417 -3.827535 295.840017 
2.835783 1.379796 41.436105 
-0.177897 4.311984 4.991250 
-1.557210 2.511719 10.298876 
3.138417 -0.210107 66.335678 
3.190659 -3.420471 80.427052 
-3.989248 -0.361916 317.171376 
0.402954 2.280786 0.281143 
3.326350 -2.413309 90.946031 
-0.853688 2.269750 1.459413 
3.197797 -2.512633 77.538073 
-3.418564 1.414810 176.113547 
-2.357210 1.633810 43.672565 
-3.196139 2.768155 138.065206 
-3.580250 -1.506628 212.839850 
4.502454 0.820258 319.199738 
-0.899910 -1.693159 4.511175 
3.178758 4.426644 75.352111 
1.530136 -4.246022 15.159602 
-2.307006 -4.271620 54.000123 
4.550973 0.060377 334.644849 
3.315271 -4.191261 97.338935 
4.704605 -3.865778 397.092806 
-3.933867 -0.343323 300.765214 
-3.899624 -3.296296 299.285703 
-0.293682 -0.076850 0.112572 
3.959459 1.665074 183.425600 
-3.604964 2.052169 215.792773 
-0.843766 4.887592 8.164254 
3.244523 1.955342 76.617721 
0.851354 -4.061760 12.218984 
-3.264343 -0.478352 148.926374 
-0.512305 -3.127044 8.219585 
-1.959521 -1.517437 24.936247 
1.569888 -4.555212 17.135123 
-1.866175 0.879241 18.135020 
-4.166748 -3.766863 384.635467 
-2.106880 -2.173938 33.593488 
-0.342806 -1.179527 1.929264 
-3.836338 -2.731441 279.527540 
0.400115 -0.462318 0.530762 
1.180207 2.706319 1.252002 
-4.128318 3.692962 363.949137 
-2.169234 3.321914 34.545596 
-3.951533 0.249576 305.299272 
0.631902 0.092611 -0.181200 
4.003688 -3.702505 203.325064 
3.385247 4.138178 96.958736 
1.182899 3.078325 1.962447 
-4.956146 -1.714248 728.282891 
1.149708 -2.105011 4.548061 
-2.038210 -4.926839 42.789272 
-0.442133 -2.258759 4.934397 
2.255681 -1.658533 17.445494 
0.476492 3.361276 2.231176 
0.178694 -3.332021 8.878516 
4.196920 4.453054 241.794455 
-0.752784 4.027605 4.830916 
4.992681 -1.823189 500.381839 
1.755624 -1.938732 7.906913 
4.597693 -2.930394 356.882327 
-4.246098 -3.404713 410.812466 
-2.329301 0.241181 41.863478 
-1.523928 3.280808 11.033492 
3.345150 -2.967899 95.156577 
-4.691377 3.364378 589.944407 
-0.645211 -4.764414 16.556138 
-3.380855 -0.916408 170.629095 
-2.389018 2.928816 47.569752 
1.539008 -4.301726 15.518946 
-2.322044 1.932198 41.527129 
-1.429562 2.454887 7.656372 
4.577620 -0.463415 343.743964 
-3.950265 1.556099 304.800305 
0.831617 -4.060192 12.205926 
0.676435 2.644760 0.752471 
4.605091 -0.158648 352.242675 
-4.270352 -4.100480 422.929575 
4.620728 4.925755 364.418765 
-2.232137 -3.201170 44.271063 
-0.857152 -1.593462 4.032577 
-0.784633 1.773160 0.660969 
-4.588008 -3.287356 548.362123 
-4.944789 -0.676243 719.657880 
-1.748079 -3.074405 22.479917 
-1.369432 2.333542 6.474243 
-3.768062 2.785098 256.184921 
-0.777866 2.498073 1.458897 
-0.131565 0.592185 -0.414267 
3.099344 -4.476420 76.997435 
0.284388 0.694094 -0.469670 
-4.453873 2.404480 482.343620 
-0.479998 -1.728191 3.385187 
2.331629 2.740618 17.894437 
-0.030722 -4.878806 16.780208 
-0.166819 -2.725470 6.444980 
-2.895086 -1.441818 96.996446 
-2.972766 4.606927 110.374841 
-4.696743 -4.445551 604.551388 
-2.217120 -0.961454 36.485533 
-3.966086 -2.600405 315.795112 
2.552280 4.012521 29.845664 
2.030187 2.226434 8.872401 
4.815253 1.246378 425.501793 
-4.159683 -3.220659 379.774469 
-3.216955 -0.218614 140.631777 
0.925158 1.976004 -0.082973 
1.070891 -4.525646 14.853445 
-0.153791 2.523133 0.664164 
-1.010618 1.907434 1.987065 
-4.175965 -0.673196 377.830762 
-1.535163 -3.920761 20.779058 
-2.235233 2.298319 36.473332 
3.832958 2.632128 160.361935 
-2.684997 -0.069874 71.401717 
3.334951 -3.502703 96.242840 
2.278949 -4.770272 31.285629 
-4.470777 1.597203 488.553629 
-1.840472 0.426947 17.372558 
1.668651 0.220588 2.910416 
-1.087074 -3.928886 14.328066 
0.370994 -1.911822 3.707234 
-0.995703 3.949115 5.818725 
4.736024 3.610846 399.781002 
3.289889 4.158582 86.025984 
-4.788325 0.357048 635.189457 
3.132218 -2.954858 72.842525 
0.255894 -3.322740 8.830572 
-4.458883 0.535319 483.537368 
-2.655632 3.969055 72.372282 
-0.958496 3.280419 3.824778 
-1.019700 3.677698 5.226463 
1.999763 3.211263 9.940105 
4.143511 -0.916190 224.960895 
2.537498 -1.712708 28.300091 
0.623547 -1.124826 1.666176 
-0.332222 3.888643 3.720979 
0.300646 4.239300 4.727527 
-0.533647 4.732097 6.697344 
3.849336 -1.374052 164.835866 
4.507431 -1.561995 323.982493 
4.926615 -2.588143 475.468251 
4.744054 -4.941395 416.902407 
-1.872631 -2.798867 25.579815 
4.174718 1.431230 230.579504 
-0.365483 1.563275 -0.274697 
-4.929883 -3.869344 721.842107 
-4.458152 -4.849839 500.236955 
-2.427874 2.284001 49.381594 
-1.173351 -0.959094 4.929889 
1.232599 -0.835514 1.620140 
0.391582 0.191524 -0.209715 
1.862222 3.529905 8.268387 
2.228144 -1.954943 17.451438 
0.301027 -2.296485 4.914339 
-4.391779 4.065006 460.920976 
3.165342 -2.791208 75.359998 
0.262408 4.487667 5.568582 
-4.278921 0.728500 413.105916 
-1.054067 1.450122 2.006886 
1.618052 0.750615 2.149294 
0.643001 -4.948521 17.097543 
-2.803759 3.204869 85.767612 
-1.540019 3.555479 12.042410 
2.741070 -1.598079 38.732222 
-4.585196 -0.169933 538.593128 
-1.973102 -0.365015 23.269631 
-4.130194 -0.954904 362.858121 
-4.148108 4.816950 374.234149 
2.157180 3.989948 15.585980 
-3.800143 0.095400 263.332357 
4.491098 -4.838325 332.785136 
3.736411 2.051477 142.792671 
-4.945619 2.960384 720.636826 
0.559609 -1.014829 1.452589 
3.324354 -0.704806 86.346529 
2.162704 3.184492 13.647440 
4.558329 0.430781 336.687637 
-4.644229 1.136323 564.895665 
1.432467 -1.892329 4.953961 
0.301947 0.776221 -0.494178 
3.309000 4.478467 89.209172 
-4.446762 2.924768 480.280211 
-1.960750 2.506707 22.953745 
3.152023 1.841265 67.246944 
3.574602 0.424491 117.261771 
0.339544 -0.798609 1.091642 
-3.127918 4.086323 130.589980 
2.728371 4.956782 42.431292 
0.247205 1.689925 -0.273374 
3.646497 -3.843975 139.553477 
-1.352902 -4.087712 18.268841 
-2.466835 3.454095 54.553232 
-3.739963 -3.076870 255.767645 
-4.223425 0.044697 393.460755 
-3.308822 1.302686 155.637051 
4.369671 -0.021655 281.169031 
-0.268532 -0.373828 0.468265 
-4.717337 3.118852 601.928786 
-2.653331 -1.815056 71.706064 
-1.633091 -2.887258 18.523638 
-3.304881 -0.223911 155.640985 
4.673394 1.130038 374.450971 
2.053908 3.460365 11.658276 
2.347992 -2.430589 22.833750 
-4.482577 -3.524162 503.553164 
1.315619 -1.824850 4.208599 
-4.747104 4.772337 621.417098 
-2.851492 0.429663 88.961447 
-1.235191 -3.443937 13.586568 
3.819603 -1.073786 158.774263 
-0.257094 -1.573545 2.832929 
-4.263513 3.398025 410.298445 
2.552909 2.852065 27.052640 
-4.530465 -4.301553 527.821636 
2.102135 2.371445 10.678476 
-2.169696 2.285826 32.702027 
-1.766767 0.520636 14.873351 
-1.950595 -1.503517 24.532126 
-2.010978 -1.276115 26.577015 
0.441277 -1.410142 2.356382 
-1.743411 -2.342087 19.622296 
0.295367 1.661416 -0.299422 
3.271306 -0.015858 79.529153 
4.109326 2.253335 216.048922 
3.437009 2.174094 99.135486 
3.081149 1.751657 60.657776 
4.330248 -3.081850 278.235876 
-2.666871 -4.681182 85.188671 
-4.659530 -1.801298 575.964986 
-3.519611 4.339360 202.129506 
0.644808 -3.090121 7.769318 
-3.601388 -2.553363 220.744074 
2.710725 3.661420 37.116617 
-2.977635 -1.177470 106.882821 
-0.760896 1.429320 0.367887 
4.095836 3.493239 215.326829 
2.651250 0.989720 30.272718 
2.323963 0.419509 16.285912 
-0.556851 0.407308 -0.055537 
0.010123 -2.508704 5.655500 
4.862049 -0.991790 445.373937 
3.535111 1.786831 111.806481 
-2.429697 -3.387865 58.320649 
2.259304 1.881211 14.411217 
4.861830 1.771843 443.603257 
4.619150 -3.068853 364.469342 
-1.537390 -3.967316 21.057302 
4.876189 3.104191 451.127572 
1.410590 -1.856947 4.733493 
4.490848 0.106914 316.065432 
-0.512431 -3.632229 10.432280 
-3.892670 -4.240859 301.828112 
-1.492905 3.492771 10.901679 
-3.012072 0.694337 109.185591 
3.712514 3.018986 140.333881 
2.060363 0.927947 8.776985 
1.709960 1.894497 3.449767 
-2.690704 4.038986 76.014127 
-2.701480 -3.933676 84.646655 
-4.720125 -0.669590 602.436065 
3.701472 -1.107027 138.720873 
1.422272 -0.177367 1.407998 
-4.486086 1.219451 494.820813 
-4.961223 4.383710 733.175089 
2.937153 1.537514 48.728910 
-4.447820 1.119061 478.869892 
3.576680 1.668658 117.619971 
1.798027 -4.940420 21.783104 
-0.503382 -3.242405 8.690761 
2.060586 1.890974 9.176277 
-1.812785 2.983988 18.224300 
-0.384818 -4.090932 12.537710 
1.030135 1.702230 -0.220495 
-0.407344 0.351909 -0.194866 
2.011530 3.974990 12.158282 
1.353094 -3.833172 12.054506 
3.876169 4.008324 171.527919 
-1.365940 1.108880 5.535665 
-4.440694 -3.024883 484.038391 
2.279584 -2.012918 19.196631 
-1.142715 -0.834255 4.379505 
0.373581 -3.190608 8.247939 
-0.063632 -0.074605 0.077662 
-3.696089 -3.380191 246.210632 
-1.687697 4.466100 18.426976 
-1.551539 2.671885 10.427533 
2.712032 -4.897878 51.042942 
1.761948 -4.705617 19.944811 
0.797197 0.229673 -0.306046 
2.467151 -1.079533 23.694638 
-0.802149 1.832968 0.777073 
-1.152665 1.003908 2.796757 
-2.855266 -4.079446 102.141990 
-1.539876 -2.741346 15.772882 
4.337184 -0.736494 273.280025 
1.105259 0.541490 -0.252765 
-0.020929 -1.752182 3.287261 
-3.858318 -1.941953 282.876165 
-1.277215 0.907299 4.248862 
-2.536026 4.584333 63.597289 
2.786003 3.653414 41.641619 
-3.645360 0.148458 224.892788 
4.206980 -3.291268 247.492853 
-4.231776 -1.866243 400.083869 
0.644495 -1.655912 2.931764 
0.336653 -1.688272 3.088095 
-1.202174 2.736106 4.833103 
4.412744 -0.553097 293.950501 
4.179774 -1.105395 233.912352 
-2.929294 -0.796774 99.879313 
1.437103 -1.365336 3.594727 
2.226384 -2.942414 20.805345 
-4.147160 -0.082962 367.216578 
-4.093029 -3.022897 356.821162 
3.737697 -2.584421 148.878420 
-3.302301 -4.032154 167.096683 
3.060385 3.831980 62.567796 
-1.373956 -0.285218 6.483207 
-2.217640 -1.801654 38.516832 
-1.354939 4.793233 12.552172 
3.025355 -2.651751 62.250541 
1.330294 -4.433524 15.039168 
-4.757749 0.417421 619.763220 
-1.343846 1.911834 5.603963 
-0.762439 3.699039 3.923546 
0.758612 -1.850273 3.456645 
3.313973 -2.288783 89.126047 
-2.107837 -2.386759 34.340199 
4.910455 2.555950 463.722592 
-3.165890 -4.483904 146.725575 
1.778846 4.857092 11.322538 
4.394655 2.498957 288.741117 
-1.718660 2.145933 13.958030 
-4.235575 4.427471 403.207554 
4.029915 3.070816 199.942071 
-4.340975 -4.422343 451.101081 
4.898982 -0.166977 458.606400 
-3.489750 -4.192414 203.792427 
0.921261 3.277001 2.030800 
4.830007 4.238564 436.305645 
4.273690 -0.002185 255.534914 
-3.259540 -0.998785 149.010988 
-1.070297 -3.806583 13.589935 
2.240543 -2.714964 20.353604 
1.896346 -4.126298 18.752102 
-2.716487 0.741046 74.033365 
-4.385034 3.065039 455.686200 
4.941696 -4.076948 488.063826 
-1.139501 4.334708 8.225744 
4.206402 3.636358 241.619000 
0.231421 3.616707 2.914052 
2.850788 -4.656849 58.379631 
4.666870 -0.747519 373.738331 
-1.517012 1.932299 8.721830 
-1.887408 -4.116865 32.004729 
-2.987041 -3.279421 114.917782 
4.394048 3.684381 291.049820 
0.446535 0.791770 -0.527598 
-0.329624 -2.515410 5.726672 
-1.267660 4.327956 9.657051 
2.478668 4.076619 26.750562 
2.019744 -2.393521 13.659953 
-0.900533 -1.361776 3.676944 
3.724016 3.513469 143.342692 
3.894301 -4.463974 185.363057 
-3.601294 1.817379 214.743612 
2.360464 4.317046 22.894230 
4.345668 2.581048 275.319562 
-0.430894 3.474735 2.676633 
-4.048756 1.173507 334.595569 
-4.298809 -2.283952 425.834536 
2.215010 2.898893 14.506949 
0.395106 -2.877499 6.980188 
0.232532 -0.344528 0.394229 
1.467388 0.027936 1.449221 
-3.558748 -2.458020 210.943721 
1.267167 -1.597106 3.416086 
-0.163730 -4.578390 15.064325 
1.934362 4.322221 11.781404 
1.781021 -2.818714 11.203635 
4.540504 -1.981301 335.362831 
-2.660540 2.137549 69.084324 
-2.813672 2.381979 85.404965 
1.966272 2.431891 7.870806 
0.321092 -3.752398 10.770169 
-3.637541 4.846130 230.105249 
-0.717632 -0.584369 1.389911 
-2.000462 1.575400 23.685883 
4.180362 3.280218 234.436576 
2.325088 3.444946 19.144596 
4.933411 3.674813 475.369870 
1.764785 -4.743218 20.195813 
-1.048271 4.480362 7.915894 
2.082843 4.204305 14.418195 
0.947474 3.636921 2.931999 
-2.271007 0.098925 38.218159 
0.444561 0.593319 -0.466107 
-3.210536 -4.609017 154.568650 
4.749797 -2.262750 406.643966 
0.202847 -2.422508 5.350128 
-4.638515 2.581337 563.482525 
1.523109 2.995237 3.338840 
-3.064997 0.077931 116.969443 
-0.118697 -1.661976 3.044929 
-2.109409 0.165718 29.033068 
0.680946 4.001382 3.903406 
-2.796944 3.877454 86.717759 
-1.280689 2.668599 5.682787 
0.204596 0.938201 -0.504903 
-4.851169 1.656352 667.723910 
-2.043146 4.603695 31.948298 
4.782359 4.914060 420.863650 
-3.584207 -1.673067 214.150984 
3.193497 -3.333749 80.329858 
4.567401 -2.433582 345.301055 
0.654011 3.821281 3.383026 
-0.112486 2.841095 1.196398 
-2.844662 -1.610419 91.408515 
0.000024 0.999215 -0.500000 
-0.023166 -4.036548 12.183420 
-0.296586 4.542498 5.808471 
-2.311511 0.337479 40.618569 
-4.500657 0.449134 501.118600 
-4.835541 3.674340 662.882258 
-0.015868 -3.448794 9.395887 
0.269112 2.560628 0.703535 
2.776827 -4.367545 51.949751 
4.997060 -2.790650 505.436240 
3.789668 4.810335 158.588687 
-0.363600 0.618329 -0.361616 
3.891665 2.825863 171.600117 
-3.843438 -0.429640 275.509793 
-4.528348 1.473088 512.963295 
-4.346761 0.784430 438.648038 
-3.182565 3.542044 137.557252 
-2.309341 -4.672229 56.344402 
-2.843890 1.609889 88.097602 
-4.089170 -0.797810 349.094744 
-1.311666 1.455098 4.820240 
-2.344967 2.868109 44.377190 
0.498269 4.191800 4.531727 
-4.675008 -1.958976 583.724739 
0.763630 3.694487 3.024875 
0.777067 2.154407 0.061724 
-4.156436 -0.838503 371.455257 
3.042380 -3.986962 69.449325 
-3.512744 -3.225609 204.032919 
2.266630 -3.686113 25.229806 
4.183359 0.299742 232.801639 
-2.899406 4.408493 100.353061 
-3.322295 0.568973 158.092789 
-2.394147 0.036289 46.542645 
-2.379948 2.807645 46.696804 
1.946067 4.367020 12.141016 
-1.378850 4.483700 11.804254 
-2.568867 3.688646 63.614393 
-4.336768 4.654404 441.465584 
