-0.6490000323581233 1.2151517690653604 -1.719585296582642 -8.556077861303676
-0.27918122154593306 -3.5789261425413588 -1.8113088796494892 -0.8194036601678221
-4.199022617722705 1.8637183075352262 -0.4853143074654547 -4.697235476248443
-0.05803762971790327 -4.715932514997601 -3.7782154485123254 -0.6780155856677037
1.6120315572059676 -1.9588055775110402 -3.1128201263168833 2.3463637184021624
3.1324500546714837 -3.67315671199963 0.6627520736911325 0.23284593963442188
-2.2491835978424604 3.1709016218740143 -3.249078192114192 -3.3629278484915206
-3.4932562367566833 1.6794440854087505 -0.47883377669718374 -5.237860596906212
1.2739058983203435 -3.7684165623481802 3.197948911495894 -0.14574797618650817
-2.3443696078783116 -3.980374829799158 3.6171011243938977 1.3425768910193947
-3.198262185651547 -3.7278830733344295 -3.1296452980639367 -2.8357128249769596
1.2902676834063698 -1.2118692945820673 -0.4392336034178861 0.9797941920733546
2.179038151034592 -2.8760614224139758 -4.493066725936422 3.003360788918368
0.5810510557596649 -0.6089572819240372 1.6538629379068244 2.3528431561694734
-2.5486722357693745 4.59911378622146 -4.311636105684341 -2.1304403195611945
-0.5187155316138394 -3.6597165655205 0.9368167565553032 -0.020433463737924425
1.070701411035592 -1.0607255884601265 1.3503311369347983 -0.07396131728429368
4.6202627476943405 -0.35039077182573664 1.5753934780510779 -94.61497883683012
-3.2156165653577453 3.66388604936758 -0.7217796919699735 -1.22740698986919
0.5734458840540508 1.3005448968739284 -2.67202565356944 -2.947117386537724
-1.8011591919560455 -2.7448527092112043 -4.484457629952034 -5.183581994989026
3.5995058495589447 -2.8877710882816787 -1.4567263662381436 3.5894656987786577
-3.0194898530108816 -0.9291337831121069 -4.4514793723556405 -58.486562199447945
-1.2312905169063093 2.712440206040946 -4.892030371663742 -4.773009992663374
-3.3795420916402574 2.0510852644277024 4.720446312749685 8.684330080292176
4.1023259072766365 4.227497246515476 4.712187673854682 -3.2778657488740772
1.238534768265593 0.5860564260831422 -4.718439758484423 13.598621573257844
-3.562329593421334 1.3180983309479437 2.4672314810807903 8.522688849414282
-3.458991013857248 -1.742497273491328 1.26772847328448 0.8763865336648301
3.572871154270711 -0.8101792696745598 -3.6083507519063387 84.31513892802329
-1.1075049273253357 -1.5435539983430022 2.947180209270794 4.651958497738748
-2.011109091854495 1.4867736155235276 4.493189231032099 11.884941684972302
4.756088660631381 -0.03091073476847761 1.125774948462702 -2828.637145270437
-3.7115658055693244 0.8260358055390977 -1.353536652555002 -35.55680125459728
1.1958245641407839 2.9033713177046927 0.678809506885683 0.025424782904021948
-0.8758461050196225 4.243668405306366 -2.3141325806951443 -0.9522311898641445
4.5524572463491495 -3.5280978591996783 -2.4147941317214516 5.36701424874439
2.0670950081769472 1.878837267495765 3.504491606512447 -2.863079046295533
4.935143539862272 4.648417989341073 3.0312525559641106 -2.191130628956807
2.176529552508063 -2.0234570918475625 -4.023703884398825 5.535548782963517
-1.7782575784180343 -0.9010320032180266 0.12213871118290243 -7.651704322057213
2.135679675894057 -4.631228582174986 -2.272655680200094 0.6610339960900744
-4.347811787632148 -2.1496066835457484 -2.5079364319715647 -8.48878248074402
3.8559800965453945 2.9384061603907448 1.9291377935992138 -1.5006530367483113
-1.2814873866298173 -4.753967093568599 -3.6063547536945317 -1.2365680004794337
2.4251234540596736 -2.7037461653610615 0.86525048030368 0.10403837877010798
-1.9011120079068577 -2.792816776853467 1.0600235664349436 0.056277541360498125
-2.424742482762945 4.390700715504991 -2.574555819159313 -1.5332613648569198
-0.3980028272986438 -1.5637909569681776 -2.9432360224271914 -6.50391341617964
-1.3755421750007466 -3.6527885476914665 -3.8003902326599603 -2.2539245467696354
-3.2395018415703634 0.6568954208251281 2.8312898153648973 40.768905264689714
1.517364498872917 -2.3841478783380188 -2.696192378929502 1.189803554561045
3.206367613968995 -1.4962613018656645 -4.817949868023156 25.319327893247994
-2.6874796493404283 -3.658818328195946 -4.5119532654899235 -3.5900406243292227
3.75311474624338 -4.806719159656 -4.150157739188652 2.9471692177154956
-4.869547597279337 1.3425509836511953 2.7628970276178517 11.582265055241152
0.11289014049028445 3.1328764103369817 1.4686932474976953 0.12853798054080925
-1.5969227464678637 3.79350482109362 0.364613638251436 -0.29661569611419547
3.732508747400038 0.5203777774527012 0.48214944384231817 25.0124389911785
-2.80485083011216 -3.0617361825519995 -0.2841924138425007 -1.221177891023927
2.5048443323561074 4.24913871172077 2.2625763185079384 -0.4211996447986525
-2.832518934489916 -4.309241070387502 1.420572317485922 0.2029236909313921
0.46179333283262025 4.299442988128272 4.296505477227564 0.3018790764664234
-2.3123880231294116 -1.7102275535381173 0.9985274636207988 -0.004063295445028753
-1.6856309265091207 -3.2327229645415767 -2.104310037458197 -2.0480640335249007
2.6581442824909383 3.2321134073339497 -4.176848829374117 3.357608291640475
1.420719033160621 -3.5648885542829634 0.24809220021025347 0.0870432700984308
-3.993719136276632 3.979450843323068 4.549245873445759 2.399396447120656
0.13628249757459354 0.699410066328773 4.221021387191609 17.297454649345642
2.1968877116949503 -4.544376884128109 3.2921368950619616 -0.5107385909593408
-2.476651581900562 4.2816793214993965 2.278816972697789 0.5831288030591547
4.6059640250466956 0.7236333350796791 -1.918568507494415 111.77934689397581
-4.34661388532779 -0.8310404823645907 4.2607720505446505 52.78697149032331
-0.5533519698570677 0.7138822798769056 4.262596926931012 28.26903108279318
4.60717301836714 -1.1670869136072923 -4.652888173702316 83.27904513163301
0.7953129569675612 -2.1780935058440143 3.649772370450634 0.3726130891166114
-1.720363099471034 -0.7673204228228805 0.11425569078181574 -10.475190250034268
1.6890009160582746 0.6571430908880043 -0.9408159940346295 11.17769589423754
-2.6827244595351507 -1.3651928915525668 -4.29154000619278 -24.732725140984154
2.6258324108072086 0.2109504319777784 -0.9875420614934081 295.4197446108843
4.87111169445831 -0.44845689714591597 -3.3455634997513464 489.2585239294978
-3.0035657664010973 4.158428923925463 3.70187897835738 1.4431553703363569
1.941078549930305 0.2336128911865476 1.5028326301201567 -32.27751194366453
1.9770089690422683 -1.0739427075866068 4.598517179911438 -11.398425166964707
-4.166273358322953 2.8185036996354267 -4.207106711262465 -7.171372445895054
-4.681194614632212 -3.4930906158424033 1.1823135772538258 0.1734597971948485
4.594852857229112 4.279876270386172 -1.301190336797251 2.506599600973822
-1.7409056026141236 -1.4179758219237293 4.106047574914966 10.818926966101316
-3.34643231735988 0.7874800857862994 4.723183205421794 58.65759255712527
0.33015680939711967 -0.2587015843916962 1.0914007639147014 2.8380929741520244
-3.598085503458167 -1.4653538406607556 -1.7934338411052675 -13.196960178224298
1.312881239205776 -2.424832257630243 -4.867692485068533 1.0782735758339819
-4.765372840229318 1.9938642406570288 -0.18764400786348556 -3.4994464142001163
0.43006785773273926 -3.231911443977473 0.06387561371200867 -0.16012170317499705
-0.23288366010882378 -0.0945905214810967 -2.0666007393157493 -1238.817442074055
-4.6926888525196695 0.9335747485164028 2.8832439483259282 25.115730137922117
0.8440754648807332 -2.756864501056433 3.641734384826778 0.17757908534287475
0.43460589463027866 -0.3280868986374985 1.2079078001885737 3.4250165134339143
-0.7709499157277309 4.381403593053863 -1.802338908610488 -0.7200583052190718
-1.130351525655049 2.714460159891229 -2.154163848426227 -2.45799475309591
0.8878698413045214 4.561223782897006 2.7952709110525573 0.031855982980533104
-4.749956240053703 4.88265778195391 1.4478434614676932 0.21968921024679583
3.6761751128938265 -0.8215726683007887 -0.45013750310704026 27.27552793959147
4.073145564713274 -3.2622701537052414 0.2913127028381446 1.0358453678323598
-4.337956781808025 1.9777137473563595 -4.343108386625524 -15.257246409440262
0.3921036996044682 -4.364244116814383 2.970192429713059 0.1963419155534017
-1.6402330961288412 -3.378868356715512 1.7208891451327304 0.42966283644246805
-1.3443283056377489 1.1772710073088817 -4.535347056504111 -24.760126405709435
-3.9655344040827565 3.284411882055437 3.6904445617150206 2.660348360906187
-3.199842345992574 -0.5836052114670531 -3.096272348430377 -114.79844349755255
1.8445718222219911 -4.545280065828001 -1.9792035159754375 0.44801231336186415
3.7390626327356475 -0.3660884349880682 -3.5266778966987387 443.29357060602314
-3.3474130750252007 1.6738941789651278 -3.2615595697764945 -14.861670425493198
-2.6252120286643663 0.3544166355661682 -4.533561997668759 -379.48321355858616
2.7604911611799308 -0.732672596730982 1.208947383915124 -2.839638410961891
3.1353617514103185 0.41677655779368106 4.864936100672498 -207.6398992459199
-2.8357529039988503 4.447300311692768 0.4551621596816595 -0.24695901146100424
3.405180352594554 -3.0895625910402167 -4.200409357583935 5.960868131287992
-2.893597708064388 -1.1484127251205911 -4.512595209231982 -37.866775750270556
-4.112468266219732 0.29873682172498217 -0.7048660652571019 -207.61639970010296
-4.563954936395951 4.395717598824634 -2.998251696226447 -2.3715708039278955
2.807564163157714 2.5687083828616233 2.6310519622649284 -1.863705006571961
-4.739207530955792 2.0235790183554716 -4.905009895686482 -16.845323061406447
1.9721058852237805 -1.0251286237800485 0.4056659133419416 2.054504563016435
1.8809214476139111 2.623674738331533 2.5743134919943547 -0.7444283862649087
4.987918984113261 -1.8621927528920166 -0.05899143266534601 7.289415090992495
1.0717687188434732 -4.364662164768792 -3.9657747501822294 0.06286034561145987
4.602965789322454 0.6888322479898044 0.6789048862665865 13.552923211925433
0.46992041741036417 -0.8694840767666898 -0.332130665131122 -2.940284562271746
-4.14843972004875 2.7670688878228216 4.164479525466087 4.51180878598245
0.5800472491562854 4.768621431228109 -2.5582494379961753 -0.2092780391878652
1.4681835223746234 -2.1878846047109244 3.3308419553797712 -0.801604001662173
0.3621084161064605 -2.517393427673732 -4.447200847441692 -1.7067004030199602
0.3712731452021689 2.093257847068535 -4.444587738716669 -2.4340749307960095
-3.479809063075343 -3.2182075181051086 -3.0315876699192748 -3.881012453502013
0.4361770403714349 -0.41305790559494326 -4.7854945190506095 -59.97235358197017
-3.9032336826006366 0.6600269030771813 4.019413675288552 73.33095920011635
-3.307837394164037 0.20075432136221494 3.0052116068944823 483.1739100753405
-4.858342238541457 -3.259879923896143 -0.3699576398423057 -1.524858582267222
-0.3987665110164409 -2.976865519549605 -4.468815157946153 -2.4903447180197236
-0.2890525577263192 -2.641771438411019 -2.134856535853685 -1.6882769205333163
-3.6054359232944666 -2.7282724178630566 2.8336432832576612 2.501606085612146
-2.9242004504648165 -4.9627981862330595 -1.8950818203623108 -1.0707211104909218
-4.712263003403033 0.47231318497694375 0.6535603487561747 -18.089119327574195
-1.6692348903647378 -0.5583473167913624 0.4793009526147216 -11.461556039661819
0.06490141225022938 -1.799926180270818 3.8974736601212516 2.525320961359778
4.844529989497358 1.9811369790507039 0.491220702705359 2.8999911006015306
-2.63445878100663 0.6555086792675766 4.143589644145715 63.13545524913118
1.053530227451204 -2.4759835716180643 -2.8373331966339164 0.11235764754346313
0.13626121099437594 4.3640343950796225 2.5896867100303353 0.21927914504607648
-0.6717862113531661 2.5528506789865046 -0.523743946863279 -1.0988187079610572
1.2218898927930208 4.744347546115886 -2.594454543205076 0.12109821883112733
4.448457769994862 -0.40388329581649884 -1.4719987194287154 282.40278619106584
-1.4620818629056096 -1.3580343568738318 0.08890959952790745 -3.1834658392495454
-1.4452495442244437 0.09082658814021016 -4.229365522267622 -4062.956509120934
-1.3335863118301439 -0.3728292861238591 0.2647788479251476 -32.67200008098587
4.339715350123221 -3.1158356770213413 2.3657906886967153 -2.4901613693179203
2.4931791896452014 -3.8624943795076105 4.894457299554132 -1.5577162823434105
-1.5940656659538535 4.528942092057692 -1.160785631622232 -0.7071061464681098
1.1061176195186304 4.475165783609691 3.5453538911241917 -0.045493283960651845
4.432155458872888 -1.9761136951111768 0.24952677253504696 3.5539593210674214
0.06289561734329396 -1.4921942203326601 -4.0646323758055205 -6.434970966220535
-0.7506100788895109 -2.879246439332357 -2.16227905045838 -1.863460034449195
2.741500202649397 -4.692266807487206 -2.5448176740993578 1.1588478521510752
-0.5067860365865027 1.14828622355465 -1.883166564054716 -9.407459933789527
-0.847154904017887 2.8015692931058 -0.2384845092021015 -0.8061141998478936
1.026693750732779 2.9312135918762214 -0.3962152468229041 0.014502264109460001
-0.035582558052761115 -0.32394173659894054 2.1912302075082 35.14190331870927
3.0522488708003834 2.782192527865506 2.872850605442938 -2.1440544111293462
-1.4025082374647315 0.6404027600295983 2.215914054790903 18.74054575116881
4.401925837634687 2.7731117653885633 0.061050161724773844 2.2259484040371715
3.027202167472389 3.588591469847808 2.891262726695725 -1.2808995279301398
1.9852062579061611 -3.2029669958362206 -0.6245265369264477 0.5839530738656089
4.53743637223576 4.464855814982492 2.9041675703935654 -1.8556824917285244
3.1984767056598358 2.4968810450961767 -0.3530623073787016 2.104548915092791
-3.178503588235685 1.3172267574777976 -3.7697890986902305 -26.148936073408795
1.247986031098466 3.0823039409590987 -3.732915100579377 0.42346572199350785
-4.232053180835137 -1.2171578058972674 4.111889867745001 23.166279285623606
1.1936727434138428 -1.87129405974885 4.96034256612608 -0.7461800172487152
3.58032923137546 -3.6957807132676566 4.8919485095814 -3.4358826117224153
-4.4383456772314975 2.820183174950057 -4.201140233024663 -7.389491558862797
3.5514649505684908 -3.0988858616411874 3.9332621934828698 -3.625680413109234
-2.9520921803867872 0.9067633188483093 4.842234097411755 42.776409520692205
4.684497489697183 -2.6472944087180315 -2.8049789474878226 11.290234582006882
0.7019697080609824 4.061944717608958 -1.4127656301075922 -0.14061699961607074
-0.8337014321166238 -1.0491876378298395 -0.831082932670002 -8.446459446681898
-2.185224302358153 -1.573755915692158 4.657099188966612 11.579498096977316
-2.4245904339413937 3.998989069674286 -3.5497134862013366 -2.352509719993328
-2.4455579956865714 1.8852989382608705 1.6506778834461269 1.5204496590528411
-1.0523167407979264 1.8279371543736023 4.700986640736126 6.170314728848607
1.5732188201412196 -0.6908980761583514 4.563979961950617 -15.236571914675567
0.06309706156891881 3.2427805848648728 -2.027807642013247 -0.8144378719965377
-4.561112040186922 -3.0653419275806892 2.146338552488656 1.3977947452586215
2.8903841042423295 -4.903735448013034 0.7824714659625398 0.07215847424372275
4.947673241860542 4.331700057901891 -1.174563072113087 2.716603630650256
2.581250859678116 2.4046310494459453 -2.1635631981174797 3.4984120236864586
4.6523371512640725 3.2899110572402996 -2.2882150235426293 6.224722457604961
-0.24478069523206258 -1.5862097964514064 4.589616907103535 5.200418320064441
0.18698816897801862 0.6892434397652885 -3.619567187570454 -24.16973024763004
-4.437373678166497 -0.7138884943657287 2.113539671744257 24.68693462085599
0.5772315698753676 1.6002378889090405 1.7740811591793006 0.40687657289051515
-4.97498435673147 4.357696113496365 1.2927821679070792 0.1845535441414882
4.661389664875319 -4.381939849931095 1.5963950572645622 -0.6390578810579446
-3.5364799337516106 4.709428991621731 -2.1765532333284865 -1.4399722963707242
-2.453431223432113 1.2837721433856553 0.9438709316013663 -0.2833315764898861
-0.1631576201001561 0.11511938917058462 2.086987621876747 281.61696209959354
-1.0272747219332512 1.9192177834489135 -1.5968589046016648 -3.8883513531096017
-3.402835252909279 0.14012780049220197 0.30815499573370797 -347.2299753603901
3.598575601776597 -4.7440970040310715 -2.8533507251262247 2.0850256823451314
4.758784112559088 -2.246934352498319 -2.9413472728750003 16.79579335339279
-4.1048105772929 -4.569339990012876 -4.258717351185227 -2.7346799679459353
-3.2047263479510435 -4.974012527109359 2.5052402529563533 0.5811947195282751
-1.4053517807210292 4.724466075969062 -2.8872580765177447 -1.1018667427443747
1.5628856096110564 -3.9572364081921307 0.09387018539622627 0.1158120879328024
-1.223748538014604 -1.541120232708625 1.8465831317183037 2.1186809849857346
-4.905285727153361 4.595552282121703 3.4399082845770543 1.3731562055377606
-1.5471212677616188 -3.5886927867703635 2.417125610523229 0.7281702529380388
3.581839966674824 -2.462474739777598 4.094029196575928 -6.157733249532428
3.3436256386271666 -1.7443827427425984 -0.5114484871632738 5.246643349237436
-1.1861988916425115 4.562416366701829 -0.14621996125472236 -0.3228542605678823
-0.2542190058699436 3.148605506485639 3.394846157830546 0.8864069701109661
-0.3956531693239027 3.1667957726056795 0.7355031698309347 -0.10622514627020346
-2.1567463296792075 1.9037276908055967 3.8436749730303035 6.112429825188203
3.3784638556798523 1.9351842800973307 3.21613553303116 -6.376916332317134
0.8769748474943251 -2.658583019245274 3.9385171151887466 0.1681915086318787
-0.5363810522737484 4.226280720146075 2.6242398759747987 0.39779765239685744
-2.8092436369479037 -3.6440203376703586 -1.4529067451804645 -1.6479953140171089
3.065148694029592 2.059449979763662 2.322098765096465 -2.784818089394447
1.8860910955506505 -0.024455677974942525 3.2395321384936313 -12267.81969823495
0.646958123212638 2.7446643151504375 3.2436992312373096 0.33727237161393353
-4.684944374404623 -4.854137813576685 3.272360618115167 1.1200262932876883
-3.583237526907838 2.9144576375847473 4.426710832416475 4.083685499314578
4.684053401251326 1.0912178548646079 -0.12125453092841276 19.577076867232318
2.949526644110212 4.914277982091649 3.8349209314716894 -0.9737638911709964
-0.30581263661696134 1.529051510848948 3.0483993250638566 3.330353014869604
4.065423253476128 0.9859426575014698 -2.3114062041258476 52.78750014940922
-0.8614197672266757 -4.374072006919919 0.8909211936470083 -0.02931213810927199
2.346306603004721 -4.972670259662644 3.8272773173422543 -0.6033693638668783
2.409766945460107 1.3949906767392584 -0.9101769620417173 5.4694601205264215
3.856324323252073 -0.8312675799321241 4.6933332075141045 -74.54822312591243
-2.9089946460687885 -2.933642822701402 -2.7134514801653453 -3.9197393659574122
0.409677171288223 -4.1320620298753505 -0.7363469777827802 -0.18779345714316178
3.958186785318027 2.4269216920856636 -4.300259160493985 13.217981236641753
-1.8991129690900643 -3.1116889246730173 4.868208791916208 2.9200437962345
0.048710085591633145 1.5383504880886045 -4.162567886250397 -6.25619038468816
4.218189762305775 4.6944195495593775 -4.968908689234478 4.522725228069935
-2.8031120198214943 0.1623327304170754 -0.46832151440257963 -496.53949971488737
-4.426244234544389 -1.9525591857746405 -1.096328274130257 -6.20466287523202
-2.4678164749608724 -4.558581728235036 -2.484753159363884 -1.3992634464299523
3.3732253033768664 -1.4838871387119235 -4.41170081826881 26.40523622829624
-4.872110407885783 0.3717884814825565 -3.6842738759984117 -401.4147109128858
-4.334527519056364 2.326595313061187 -2.7388152499051586 -7.711274081965233
1.9482771447369798 -3.16218191489411 4.286740373095775 -1.1613400911228373
-4.540233592771549 4.763670979580283 1.6113892425329643 0.3079727031360243
-4.608148434872127 -3.7477356172016663 -2.989006524032718 -3.2709389308389354
3.3648022906063524 -3.623272797463417 3.041134795231468 -1.6623858872581359
-3.822581985705048 0.21402733467756452 0.08677790223553838 -208.66500746390903
1.196692407658647 -1.018263211416727 -0.05683987728311024 0.6832066099547272
4.090255756173844 0.0741143894201226 1.6580707500562646 -1879.3796066650368
2.1702321999146132 -1.3890053406668992 -2.5383206960411053 8.223066025396962
-4.606210348303326 -3.546740184243541 -3.9545939001138253 -4.535262253123389
-3.6119229900291607 1.8957027560951136 3.8192181713331745 7.973922698469646
3.2429983683678607 -0.672755326710039 1.5420839978544727 -11.927474195358089
2.211552612539932 -1.589279365892935 -0.8178092376225496 3.3586168231756504
-1.3266825401867157 1.5295874395085498 -1.6390032483358485 -6.950994815555733
2.8135375520315833 2.6503985488356623 3.2630406666087115 -2.4389485279142686
3.6817637675697252 4.288238771122813 -4.839791720944868 4.0437598305026805
-3.9546167946074293 -1.1316515851655549 -4.724936896903598 -47.61662852128635
-4.258149987236266 2.909636116687296 2.393531345847654 1.821085893321588
3.0689441143629974 -4.318088189818841 3.095926920491131 -1.0066157796743813
1.7792194336773735 0.7673090468486148 0.5878494365698961 1.9905964926072524
4.986406864771496 0.3411149026646143 3.137100086807795 -438.10404701154863
2.4835704591828955 3.03366606202397 -2.920495067853502 2.5224537190633014
0.5607402873787617 -4.835038717668604 1.6266307033804086 0.037421091468847464
4.31060610422681 -3.8554140376960166 2.1808914198430642 -1.3868538044233616
2.567650668263677 -4.327857453245784 2.910630124493955 -0.645468655843135
4.074235219924301 3.8730447153571586 1.540444642907282 -0.560738188435563
-1.5929329097134923 -1.6804316720977752 -1.8452121102887387 -6.760707455914507
0.8835470026195562 1.196550908573033 4.404551183839546 0.9112625758140331
-0.13933367635425853 -3.6223056430433154 0.9503073734741028 -0.012766873079361304
3.16728775226688 -4.5892615975631 -3.2255592251737775 1.9091641256059346
4.731346054295823 -4.561159655628497 -1.9026812786766447 2.96439390917395
-3.90696852689587 0.40579839288040453 1.546514819400059 35.130420870700455
-0.8828138921113577 -2.380158467241824 -3.9003269944438723 -4.489528803023632
1.3172778246284285 4.43956744002203 4.0967433600378165 -0.17223799799357695
1.3508542085330753 -2.6893633725546904 3.324919563054367 -0.39118634594722956
-0.338393340440037 -1.5492950396619665 -1.901245985455553 -4.694272124948065
-3.8212061198510816 2.448783889367742 2.1348793390364538 1.9805225014369336
-0.296493012469325 -1.3067600674751887 1.9796925837082053 2.1672061138692804
-0.5207711373202368 -0.048810751718388445 -0.9424571291307018 -3535.5582196243236
-0.04944880035174215 1.6528122516550123 -4.358636319988007 -6.1453624822611905
3.6259606556459474 3.4970942234066946 -4.266358134808016 5.322190944687984
3.8973603651980007 -2.8603660938268027 -1.7591075079350595 4.803208338356318
0.9224328848097718 0.3343627023449951 -3.550278036090262 -10.433540520620598
-1.9734038711364077 4.113251597403714 -4.232522186662465 -2.3040826509630117
-0.42705487387963537 -0.5599063870126866 -1.8034829038979416 -36.71701251627087
-1.0447192260798577 -3.6774800582947775 -2.9164120838057084 -1.6083774833796163
4.625918054355086 4.6114929838510985 -0.11714103120139452 1.063309891417454
4.759870065323071 -4.565356346720868 4.6143694920250145 -3.7328042820910583
4.268033790821741 -2.669400962403933 -0.5121111500219495 3.6296125007746256
-4.576219131839288 0.08872165515280983 -4.509114999684885 -8032.278642335992
-1.968190684684905 0.8989851757822631 2.6120649731382226 14.840961334793304
2.9942532542375755 2.8047853321235214 1.9889234724039628 -1.0735210393900207
-2.9182674192117233 -2.4643888991519756 -3.9761929492337664 -7.455723284094674
3.881034595302946 -1.9719007605237246 3.3576648228812402 -8.564532957858653
0.6122429598368564 2.7370871848047518 -1.9400728257865252 -0.4862951414440297
3.5871704851410176 0.6543825544380528 -4.69642907110706 161.00370763279957
-3.2087813621072145 3.3344165246009076 -0.9860836085116054 -1.7075471191852944
2.352952796979668 3.4181314990290588 1.8841190488209012 -0.401645904965607
-1.046450413687019 -1.8334813752830614 2.689752574154535 2.7936361675101167
-1.6565892655604442 1.5641870585875886 -3.821694736465128 -13.473998947579025
-1.4894866926415915 -0.258221225017758 1.4168433540528191 40.63679469934098
3.2364933362674755 4.785907170741485 -0.33567935584909137 0.578483016745822
2.0127006121132363 -4.003167038660948 4.6475294512872765 -0.8657524849352229
-4.986002549494693 2.6590773252677833 3.7950981736597704 4.737044702746298
2.3924789163022995 -3.2575771561186997 -1.8031121618663093 1.4505001307571914
2.2309499383418085 -0.28640279410749514 2.4908087656976017 -86.38954013911348
-1.5638600722578944 4.7338865429501205 -2.9684612541387887 -1.1778749897289322
-0.10526955536032467 2.7302274505392674 2.1518964355056314 0.5070576463611994
2.2565759645913257 3.7642332222562853 1.3913423254513955 -0.13445616981621164
-4.584283990671158 -0.03607293249302401 -3.2266405915091303 -37310.92878246858
4.260297723529721 -1.6247800588760821 -0.7732373454644756 11.446345704097373
-2.2649342721403407 0.03903175975387274 3.6146348019275383 13705.827005844216
3.84065383895199 3.589927136267793 2.4662625557226283 -1.5741475304132644
4.748604066955192 1.1017757673353064 0.09447622948107082 15.974581381247319
-4.3654232962917305 3.625542119736636 -2.2321829368928636 -2.7552235454854923
0.7427368909661611 1.1169696184627735 -4.277826576382237 -3.5268627231102294
-1.577279431890494 4.740822201566845 -4.9258266439601615 -1.7608317209802455
-2.3137125868942143 -2.5078498405338765 -3.0988219744785828 -5.261421280427654
3.8595901821911784 3.28568256790356 -3.272029663811958 5.528543703141559
-4.741025118303827 0.24375117391686985 3.808250784542338 552.2369636026773
-1.819634285532179 -1.3185185204748349 1.0958558498906799 0.39459915560468156
4.891614578281805 -1.1024824483066986 -3.308789813353318 81.01759751268128
-4.513575023672152 2.702958672424252 -4.747939661681859 -8.966305467073644
4.5806375902075445 -1.1922739425685558 0.9217908954475984 1.0905325563294683
0.2610117797370526 -1.0175871573143613 -0.569829330763806 -3.451072909550653
2.2980070114299185 -0.34254069765560313 2.366374055852739 -58.87628861337454
-3.2248978000240838 4.543146411322031 0.24914993696729315 -0.3486461659209596
1.409975933749557 -3.2912995794395816 -3.470975538233101 0.5909526751931289
-4.385412134398177 3.0138095261149864 -4.192005876631679 -6.4197994817742075
3.394346296385148 1.089960299607088 -4.491614967482494 50.26563069555384
-2.4541048451637026 3.5423183671476437 2.936565133257492 1.2841068997171794
3.7418455760868206 0.22720751128196426 -4.2868207650535615 1346.0685836488703
1.273468244389072 -0.5433722351608203 0.8563002839660738 0.4575594265441895
1.0666291226989308 2.245663080083956 -3.796607110714162 0.21282122276178483
2.0481431344095373 1.1292710026217465 3.9652300238635156 -9.194652714628708
-3.2703604019468093 4.821648686564679 -4.0108994356937 -2.080786999060682
-0.9904374709837587 -4.873225220010614 -4.3310822312120525 -1.219655642142997
-0.07819328932399916 -0.18562737749393765 0.8463502499570765 -14.31142884548931
1.063510121948303 -0.6599229409063989 0.31055333700187226 0.3375292819174042
-1.937483513016435 -3.2655149736364963 2.9973313436631344 1.382708606355066
0.988862089090663 -4.661163558952074 1.489766577058118 0.0008358836250575609
-3.2840893677657936 3.7384822507053386 -1.2296268202172635 -1.5434391837756964
2.615323701395952 2.1663218436494427 -1.8639886967020591 4.004743442846541
3.5805543706101 -0.45393751824015727 2.972047369905523 -115.41491299395781
3.2115104312539025 -2.1981589543319577 -4.816259485678835 11.764207537234594
-3.246730936346096 -1.545076745662246 -2.6481942724203513 -14.697556226836737
1.4625358356890121 -3.8246251466796877 -3.7711345672440943 0.5301291196786778
4.460498450154432 4.759318468750694 -0.5846216007521114 1.311068141477902
4.7452172972374225 -3.081829827910255 -0.933052306710028 4.351808848717357
3.573112209001426 -3.123896151450155 -2.308200946964669 4.071720590091538
-1.055436635181024 3.575421223312068 -4.084693450634507 -2.2185018511857764
3.6487140149504977 -3.2427552917340527 2.986375213696192 -2.363347531846176
-2.838370830082501 -4.192598214057803 4.08104830849328 1.5721366304103275
2.077610990154258 -2.9219266584058925 -4.101924577419553 2.4384986283801804
2.605748671292478 -4.920438176315897 -1.309970091960968 0.6215891371115512
0.9819239584217829 -3.853359295845139 4.858669389748663 0.015626771155363345
-1.4161896210145475 -1.1695805403270088 -2.2074343280926376 -14.8877340063184
-2.6330968088406834 -3.9725335913376636 1.3417134165050353 0.18681651879242753
0.4527963520066267 2.0713537925012036 -1.8715933878220339 -1.1508227251294219
2.4455229070499884 -0.7730367470374722 -2.24198508784335 31.14243446615771
1.3289410329328968 0.9246069204345284 1.7055452060676188 -0.9392424936105446
-0.5390649965257799 4.90123173974664 -4.560662292673686 -1.0141266107034008
-4.880937187359042 2.6264215401739364 -3.356797647546188 -7.488175915330866
-4.980044298598191 3.4784936826897255 2.1155853248524634 1.1041622954095316
0.9234277263116732 -0.309002394821535 2.208710579694876 3.203830713198991
2.6821740471790534 -3.285405540211319 0.22048255366884817 0.498032834767559
3.221744595819949 0.051570940159823664 3.6833521974158785 -9921.21906726601
-4.885041559605156 -3.876015796587351 -4.4199790387789175 -4.2790490778685335
1.8283439848965308 -2.8386871574739283 0.5446643466188288 0.17183771631919648
3.611646372884648 2.6567421085126766 4.987886334914792 -6.929320521689816
3.7693775475721676 0.4571363522761809 -0.6634720619796948 106.14412959854822
4.087588536797833 2.3118250285203645 0.3533317197561754 1.895604192939892
1.417839999918593 3.648048614088532 -2.338730494367376 0.3664331787432699
-1.3612016634594006 -0.1106626613011592 -3.8150269954457983 -2451.469940347245
-4.537904484274411 -3.339829320959379 1.2567694545364336 0.2630629685978905
-3.568112738039618 0.32508142163050735 0.4341589654768905 -54.0815042948502
4.7471160167151645 -3.3775902137058367 -1.9408741922261905 5.516747621732995
2.904208793414038 -2.6511249374325474 -2.4725719864665674 3.97764354010747
-0.3912127971042345 3.438656894558399 0.371918924213098 -0.21334702884105794
4.767841896186049 3.87338537841247 2.9784798426398043 -2.848939843357966
3.269777500611223 -4.772602069544183 -0.47897198462727886 0.6569383514491999
-3.4991393645019886 -0.9172357926086079 0.7845558894487255 -2.5604556585656213
3.7907573484733543 -3.292947739848524 -0.5297785190045978 1.902232429252007
-1.972139894370403 -2.56122814010056 1.3020259352449166 0.34289916479877275
-3.2521094697181896 -0.7912506068273659 1.5855050315968082 9.002086800222107
3.375392878884039 0.051734828469993666 -2.024943995575368 12157.60108579919
-3.47360317133224 3.4303230434009304 1.9631614660014476 0.8153123440483423
-2.9145460161962564 1.871437796237517 4.331927200250584 8.651038093607243
-2.3208020218216054 2.8617360890227737 3.2674085191023643 2.2386998680210786
0.19843911109303924 1.1212106235395147 -0.051598338255272935 -2.052286620172913
0.9029553200004781 -1.7343462259333453 4.996179109502018 0.4251733208616917
1.4852073978287619 -3.141704605522495 -0.8298582623448878 0.31692853881798183
-2.227959845637122 4.987010590375361 -3.3178921726478183 -1.3749489900000078
1.4182257893073293 -0.8618435878730946 -2.7054991582122323 7.293647826259406
3.5433399571894544 1.6717829593362605 -4.659430061862066 23.929336545557582
2.3972108629949 -0.045028153845358965 3.730544264962191 -7424.910132185607
-2.4219297144291296 -0.14222959321736184 3.3557573287363276 962.3961724872491
-2.9725380539149904 -0.6029108595696853 -0.1737277883244568 -29.663715103560396
-2.020369716430076 1.182305915833453 2.389054509812526 7.490711999246357
2.2334378170463065 2.8111802942763076 0.22263150345290228 0.4686614452637152
3.0785855115577316 4.0799303653812 4.857637516549431 -2.0879024691856864
-4.7296854872289105 -1.2514417560427904 0.13380517996119323 -6.454355217104974
0.42979181900904084 -0.19687291094686454 -2.320430283026215 -153.12840331846328
-1.994409022585515 -2.072638408264058 4.844983174401715 6.7034887169029425
2.810000144949595 1.8079470159652207 2.596836478351925 -3.6894364174882868
-4.906335380470593 -0.3673497267061032 3.0157257386600236 177.55809199992433
1.6070915165542168 -3.3028800360825006 3.3445927289105164 -0.46638518370162646
3.4332099035411563 4.66011989921401 -2.6741461080859996 1.8806584814332257
-4.838076337526972 4.45331713165986 1.200025686273257 0.11905069782115668
-3.803836022617497 0.3636074570838872 2.4075805358984415 111.15201176743554
3.58065099261907 -3.884681620582474 -1.7267190944761746 2.179159801112977
-0.836615903656801 -3.9701384096457026 0.8871832082354834 -0.03639220455151549
-0.6508680997857716 -2.952113484765472 -3.381860613689761 -2.3379815809362117
-1.8521188908936903 3.857931288733786 1.6069335223126657 0.294391339030972
-3.6071952288885822 -1.2622477787136086 3.160407549971424 13.773227174692513
-3.9352748088077494 -0.3889877326130753 -4.508592802583463 -386.79951167661306
-0.2235572564053454 -3.161417990086134 -1.67599970382448 -0.961315043364592
-4.956236278907199 -0.33217261889057426 4.249212282440652 351.82061212206435
-3.630164454694842 1.8693256688499593 -4.915519369068103 -17.252002683663974
0.1293525873623702 -3.946787492614904 -1.6760994945923926 -0.4546034205311456
-3.1220014275346744 2.2339284480583643 -1.7316689571351018 -5.158445682166358
-1.9165648589198092 -1.7286846193725736 0.4139774829113927 -1.439874299358198
1.7390629892496543 -2.4934185429006983 -0.8009953081879289 0.7774914286889366
2.8756268463579557 -0.8102507788725957 3.1393240330553205 -25.73704561289471
-3.38865348493548 -2.65385700141917 0.5206947946645393 -0.6692259214367812
-2.5740232554214035 3.3482963495395133 3.833841262240602 2.1554210026778935
-3.387964955823203 4.351163258906642 -4.023777736123063 -2.6090926293353283
4.106085497102466 -2.5733442543454785 1.589744769640978 -1.4079886349849644
-3.829146473851417 -1.4021497090238721 4.628940061281295 19.336919049203175
-0.2554517000517418 2.293949015909737 0.3846305113373214 -0.42947205165327196
1.9061430314281278 -0.023254961313136313 -3.4860129286498664 27860.68322335472
3.124780239054166 0.20724193643120525 -4.397954801517142 1165.2594921269508
1.6546238743533346 3.630672306439809 0.24596878377405762 0.13461157332718013
-3.859345784482333 -3.8575039464897163 -1.2539553327201758 -1.5932681535667335
2.8410165496697513 -0.7766989357451219 4.905929340133277 -49.951271911584584
2.3052298143148784 -0.8817180158046645 -2.415828602832264 22.35883793886471
2.6564543042568314 0.8459861308586705 -1.732665199548351 25.83775955528339
3.6719158080054797 -4.144365429462935 -4.307045022087004 3.913888622693574
4.715565610861127 -4.629133894996045 -2.76248962378695 3.7035951336700927
4.657551571529462 0.21036520432018957 -4.243166805551914 2433.420913298515
3.520823616917534 4.219260327097258 -1.2367901187524124 1.46654874364196
-3.7202421645432704 -1.151338324806661 -4.045467625130394 -39.28432171885992
0.19304044951099897 1.6011171291551065 2.056643857386825 1.01746870874466
0.23789906574900144 1.0926585197546643 4.5879431652971 7.038289028494133
3.184053328423694 -1.1414753040950054 -0.7142544487279849 12.647379626493043
1.2317221876487867 -0.7552599078579156 1.4332322005866356 -0.6021468785569728
0.20286292992214783 4.820112402519737 0.8861816544129173 -0.011957847579038195
-2.714214318995113 -3.311985789870957 -0.7655870043217288 -1.4106227404018798
-3.5181027081095726 1.6570556246253396 0.5027938743737179 -1.8156156115411477
0.6738028552052144 1.1595744401556898 0.26636183399588376 -0.5725078779509855
-2.0363196696255406 4.447207465107896 1.5163374636108484 0.19757586461962967
-3.0539866161119678 -3.8626075315217676 4.442514302032093 2.1496858089252275
-3.0052930257233057 4.79253174438762 -1.370726850473718 -0.9536454243525037
0.9698688361244665 -0.17253945593992182 -2.8030689565157108 -12.787936031341877
4.544882360618459 -0.46451487161185856 -1.8626227279404652 258.6329368109084
-3.7028778117994765 -0.5434277720528815 -2.129360590683528 -109.10511590480814
2.961677483817362 3.324077219869812 4.529325654321086 -2.670725316376493
-4.778519687499653 -4.541096685673772 2.096311659016071 0.6236191642609834
-0.8202441036033612 -4.453138779596012 2.156646799818117 0.29436226087694983
4.755925608654104 -4.290329715670308 4.467424746527556 -4.047576803375401
-1.5338035685181453 -4.212756409707248 -1.1070083849317145 -0.7824475144418391
1.1688759656623073 -4.439423672603182 0.15155335897522715 0.024697014868010406
-4.425437029433459 -2.2767214514408862 1.1710975135395785 0.3724353552542115
2.1628625178378877 -0.42209791278891906 -0.7832443300491931 44.55296423143887
-0.4973611203903321 3.050095670402852 -2.1879858544593533 -1.4664158005361583
0.32195560829089764 1.5162007884858646 2.2488537334796703 1.1417996702712747
-2.791560330069127 -4.911076673138171 3.037151944977106 0.7510791322704322
-0.890597264030772 0.5267019011252296 0.6432600931166865 -6.697157375292445
4.245576409070589 3.192119777506356 3.4711224276221184 -4.103431324002161
-4.924333792587671 2.637436995781722 4.539005087521554 6.058747033895884
-2.8420625879489525 -0.604890897954391 -3.5449188375020304 -111.48666926214248
-1.93926957822814 3.2579481406954898 -0.31209840386875154 -0.9129794226905349
1.4625788827973647 -0.43338816006826875 -4.500304688383109 47.600664619382705
-0.2844625276520043 -2.236680418259702 -1.2806220168068148 -1.7080734215306903
3.9348606105822412 -2.8414277614950887 1.4401599711893827 -0.7914167795937176
4.0380038723479394 -0.48244545709317155 3.1179313321183386 -139.10198290174833
-3.7055248477744405 -0.16689375983300536 0.4910022286642626 -188.22154668537297
2.471532055512089 -1.5468708356214589 4.8482714520969274 -9.430657496979808
0.4106242355292018 -0.9181435864461518 -3.832553761735701 -10.570089767083772
-0.5950787218984122 -1.4302666317626667 1.3539812048931053 0.7815295047715823
0.5534684650021537 -4.186599095596407 -2.207665025783787 -0.2595178708287105
2.9121856394226278 4.39796067180848 -4.6436402803900565 2.3615416764970516
2.256964641801586 1.3889852768123134 0.03808366652004125 2.4281476305382297
0.48983441668189975 -1.8371735224468502 3.262121480802916 1.078598722320825
2.3953913784295002 -1.027901046044705 -4.666654499750561 29.52327559373601
-4.378334845685564 -4.037190816536564 4.259796233751857 2.2443593741616956
-4.742392385327445 -0.02038056702401292 -1.2573765780194468 -63506.42168283315
-0.00412650166518258 -0.035131864730940876 -2.0123599484667345 -7349.113764756172
-2.199885890142225 3.5148420889436345 1.601978593106418 0.38341525533934956
0.8662417863247898 2.6260645243102285 1.0557346922035027 0.003550643140257336
-3.0623994451442593 2.112461641846047 -2.505507293682098 -7.329158776685723
0.36937964172633464 -1.7913797976984158 -2.501278583589243 -2.1433164712375863
4.994498246338871 0.10477495365158429 3.674873772934376 -5833.4329367573655
-2.430368233262137 -2.8662576335367307 -1.8376774340945987 -2.8596348443886344
-0.5855848514160158 2.262492247367131 -4.317334731694398 -4.667837040830253
1.6193491006992247 4.634788234179831 0.9634763423887884 0.00376958453509663
4.47773162956749 -4.536565880280817 -1.350752496217141 2.158004137784579
0.4359066893348116 -4.3907643955321305 4.297629597652678 0.30265649928891736
0.8371699747078774 2.216530749256708 0.4565506063688698 -0.05897089271339798
-1.4315456325043852 -1.8245946939287805 -3.7700358123431563 -9.142975357654008
2.55991516566303 0.001742894795238925 -1.690194363493859 5570390.737028571
-1.3307657605853351 -2.0704204346468256 -2.0457306477210113 -4.384650942897842
3.2386820584865266 2.3781993006376014 1.6535374475653661 -1.1477737773688141
-0.7352035636799439 2.647425327169457 0.23810498701624283 -0.5271195136859366
-1.856169370338867 -2.795570380066011 2.912985391247272 1.7690153861155709
3.6300536510456443 3.595762316464535 -0.04941725580334033 1.0053478090120962
-1.2348167167129134 -2.0648088285015733 3.8226560371212965 3.9508945319934075
-1.9932358476312406 -2.69692076392676 0.7149550767924442 -0.2934288116295556
3.019033351367664 -2.100944888056154 4.7834403294523185 -7.437153632754327
2.8072894010777016 1.0797202463992868 -4.513928585277952 35.65291275330833
-1.7660904674515931 4.080046021585259 4.775396514866191 1.5995134575335193
-3.373386353029354 2.3370027521684857 -3.8975869828501697 -8.797543420677194
0.07914883673341144 0.20706832902277306 0.8062619936898594 -12.581986939345345
0.2593102448275246 -0.6383143550457193 -4.356214330295317 -29.98862860379066
-0.031235823891760717 -4.610434446677846 -3.8030666618219433 -0.6968827544769131
4.7793956470402446 -1.6397012651708498 -4.972361887201804 48.24357511091161
-0.1954911442722782 -0.5716538325587415 -4.9652425593406235 -64.21275968129555
-1.7547543788005382 -3.7047462070282835 1.9138322964767562 0.46810163346394923
-3.8608810468758925 -2.3627469335714144 1.0006802332933828 0.0012819434847728475
2.5289601968481934 -0.4069337467007381 4.534252442291704 -131.03476581281714
-0.27492085590810156 -4.449519958240754 3.09667064115302 0.39421204579202374
-0.14125564977473104 -1.208110977378488 1.0609084281918522 0.14088871090729468
4.011506189292238 1.1855073969840015 -1.0632503256199266 22.14781034197116
2.6650621273773183 -0.0809284059307398 -2.0811390413841755 3203.7939918191905
-4.840261520021762 3.795662987838927 4.367416846291194 2.759520250126963
-3.1495255215103968 -0.8704874140166732 -0.21894832586437207 -15.228948401382336
3.961988542969051 -2.563711623412528 -1.312262700152027 5.177373839817887
4.322810134722651 0.5113209945206183 1.5769313560728833 -38.74630170121259
-3.0363603365573324 2.420715173355995 -3.5692644516000915 -7.24292082276826
0.6600350272841213 4.974661444046681 1.0550143197509998 0.0024274979296994227
-4.141508174282119 4.325865633255599 0.8892523657115348 -0.06455122125405209
-2.589448655407712 -2.852472219575193 -1.9145008712881295 -3.0638227152353603
-2.703672289656197 -2.6657104330552226 -0.04595275240550567 -1.2873915334252202
4.705333164561651 -3.455575241717769 -1.2738085572714084 3.997818468191711
4.513201092986295 1.8523219273256144 3.3975572248425543 -13.422742737377362
0.6025812824425794 -1.149256022912085 -3.0062020653525146 -3.848223327781443
-4.939680616716226 4.491183756593692 -3.1413899880616416 -2.4488800588523967
1.1601011160024912 -2.7328925614227484 1.1812807838205233 -0.013187879487315465
3.298239592839119 -2.846795760205171 4.112326306839035 -3.950937524995865
0.7301779643410145 3.7155946740017054 4.622653058586545 0.2291381239148589
-2.666687911080594 -4.383993377440659 -0.0761600313189863 -0.48626074436311917
1.6149545085770765 -4.166086080520328 2.619671866772948 -0.2053191141475411
1.0664261869863854 3.4987678029568183 0.8358048815110557 0.002992025889503704
1.07985261672206 0.2046559044172982 3.8244790602939087 -18.110405679861845
-2.486511598656608 0.9061231107804986 -2.815074421405969 -38.92242081773804
1.0665150502079426 -0.9894647741042455 -2.96793899857438 0.9052834476001047
-0.8437825781262278 1.0014351070416154 -0.1342984877683122 -5.7694164574593305
0.5479646104861127 4.382378373580014 -3.805382137196837 -0.35898519545125285
-2.689400125243626 -2.1331133205421935 4.379339149974253 6.47798361562871
0.6642320161422575 -0.37623498071497075 2.403021179866288 10.694398698516471
-4.799513167132313 1.3147594317550713 -2.620708159662155 -24.624436148429528
-4.77865651074783 -4.502726636818749 -0.942488269781637 -1.1238812392523683
4.29827979627191 -4.113970969116809 -1.7787093374992757 2.8492038504689736
-0.42836711641113556 -0.025602223874492402 -4.440250794418049 -34104.23607403005
1.42773904330679 1.359302194884414 1.0860691316048072 -0.06973007783046314
-0.3170004470552765 -1.1955440045614782 -4.98058281462894 -16.023821724953386
-2.707068927452566 4.530863495298005 -0.7009317539147686 -0.7251560304361374
2.9121653365892666 4.866884247671072 3.4308761608236313 -0.8306038075776888
2.5886339848429527 -1.0798623858329384 -1.1319887788719107 11.756956969285758
0.4474120347581998 -4.4479947856863555 -4.799100071730061 -0.5086671547547628
4.193388264344735 -3.7013025588402027 3.390366257857428 -2.87876004871562
-4.346703565520964 -1.028246123447698 -3.159649630914394 -43.9863398958875
-3.1038528716300484 -4.336247439928082 -2.0776191399996113 -1.5378033058407123
3.728890746873944 -3.169011948074356 -0.10246641276694746 1.43311370949278
4.527060610391377 4.070796755937355 -0.7187978760119993 2.0053007111193666
-2.2644471277236224 -0.5957048037277746 3.277809419772579 51.25521959820999
-4.446276174479835 1.3095049577557365 -1.1158959832724569 -13.955487813382547
-3.1297051150095054 0.2219480032970509 4.923521116530097 751.5516519687858
3.4988908097040508 0.3233673833113704 -3.563545927897999 503.25844939749544
-4.984952109740407 3.3323634316386492 0.07355961831334135 -0.9996301163013859
0.6696566360426512 -4.267809929951848 -4.632045964529997 -0.32843185006079595
4.206920458784181 3.4776287344466557 4.9175346470808705 -5.379555176048853
4.2724958231716315 -0.6579322506300764 -4.744674415259045 227.47727141929784
-4.1993068441639325 -3.0460319792473776 -1.6917701100820515 -3.186901263253501
-4.815133625989959 -0.3204684988761013 -3.9666923063771753 -569.471434480738
4.417397220395454 -1.076719228922487 3.8542248659437526 -45.21299080851374
0.17730001741351398 -3.5001555699473985 -4.544027293313015 -1.137057763134864
1.2697547221651773 1.0255698282420722 4.538716781151802 -3.1187402085015488
-4.6637940511687495 1.5991385490662378 -4.060901531580887 -22.931795362443008
-2.408159207781023 4.378476177959964 0.526205607699433 -0.20364685403944804
-4.599914818030872 -1.9915289329924568 1.3246671906435727 0.9419275861980406
-1.1681338345806647 1.2812919047456948 3.904929736539213 10.305431943271563
2.7182260730574273 0.3774243572067988 0.7603346336194052 11.909946192562236
3.0215195545641613 2.4243828847458957 -1.2960696757618773 3.3948530463970896
-1.0061056492245712 -3.5149768451414487 -2.3249973601588882 -1.4715931113401786
-3.7667499021458695 -2.2250963903808483 2.2526759553307354 2.628168957032732
3.177269717109633 -0.4873887985763474 -1.4662777158329843 99.39537467543965
-4.658443317179012 2.7031285905167923 2.6945917632095586 2.6857281526217838
-0.8741125292540088 -1.2319099798907454 -3.4176843106583012 -15.050808384459893
2.1001266563852727 -2.8984261689971422 -3.260740544583516 2.1188705205474068
-2.1743582916234896 -4.42696176071797 -4.826095057635951 -2.325397199044942
-2.2568433888945183 -1.2289832855009286 0.7197240432904355 -1.479222090452325
1.88517974822883 2.5075526187425465 -4.941748987833796 3.0923454982296574
1.7489843491757675 2.436662670787131 -3.522380916045603 2.0742586329099564
3.5716346755622617 2.6958463010700076 -2.4025376829074663 5.618788251329701
-3.8390243509891664 -2.768584784113618 0.8355534463938383 -0.22505191331322233
1.393787295780541 4.348353332041727 1.6644934915965006 -0.04824051766415455
-1.3595452270433617 -3.6878536951162424 -2.3537218976836707 -1.5366264192867445
0.9023154473630504 0.24007873749775577 2.5009486043923523 8.388314336718688
-3.3990737472554136 -4.187844589204513 3.3232573634162392 1.3047398557584873
-4.068978887448131 -3.7950892242685654 3.769007689686754 2.0780660124091295
4.764761692223745 -1.8244178428511848 -0.21643732719325648 7.884304816004362
0.7307065483295379 0.8631611237412873 -4.850577261239364 -6.844084952006351
-1.50549845473962 -1.5251971836539902 -0.09614918604181977 -3.0784182988018243
-4.505993574805625 -4.333862851578489 2.564192595703755 0.9483079092391271
-3.333669215152261 4.5138277127115956 4.5085953843528035 1.679077211559513
-1.8225328171917967 1.847684526426728 4.93313139953456 8.251493060317534
-1.7254810396042974 0.2189734137189383 -1.431136763342903 -353.5577520537001
1.6319400797041448 4.874714894770083 0.1553333347165795 0.08053029468639021
0.5864043182915948 -2.146683374182822 -3.2973017149837016 -1.229140617687662
-1.3390212597120819 -0.49398251894663403 0.5155560858739827 -12.285708253611947
-1.4381998110308505 1.3692817483748119 -2.9986184025710063 -13.63820426752151
-2.290883628928219 2.971067731919491 -4.088075898065106 -4.6299803618671085
-2.539877220847284 2.6340694300983722 1.7078970434775655 0.8640359879488589
0.07374180255399132 0.6239905650202164 4.153858332157407 22.675344135575315
-0.7521734166180565 0.8788859244645462 -2.3330392982885897 -21.09490128097002
-4.673172739889493 2.850883101757514 -4.19778763235025 -7.417933637391153
-2.699452440211507 4.079857089724877 -3.0968768417550208 -2.1509816936146366
-0.315868092733008 -0.6945100493709813 0.8500228059567307 -1.1898603324445376
2.2410332137768822 -3.979960371844867 -4.764405979038239 1.7462154679011028
2.2713485942707115 0.10055290935561434 -1.9936883483710677 1461.1657646643457
1.9885769690864263 -2.993772272673291 4.552731194365027 -1.4673945586906108
-1.340363698703595 -0.8289995879988288 4.997825978265061 36.01578466832151
2.710642504532581 4.902903096093956 1.1964884544323127 -0.05754686648660078
1.0597544897635345 0.4721717718934979 0.02297425447259993 0.8787155666197665
-1.2582539201236531 -1.0935251444010063 -4.862341018124274 -29.50098514605691
-0.6454498629009038 2.4737872173102726 -0.02788643996169249 -0.7788652797716287
2.515248537038701 -4.297910129567768 -2.175282817156355 1.0439879775903425
-2.390307899605457 1.878268075078939 -3.458494112480315 -10.374121768319768
-3.356800286753021 0.5133595585034554 -3.4667105067205117 -165.85591918929578
-0.6932587052751984 2.82612236752289 3.819116554109751 1.6767395368935862
-2.31389659991477 0.8518730021517698 0.5659961113963421 -4.828459768133338
2.4931887162667064 -1.0887441062686056 -1.4672288168868395 12.420476309285212
2.0297017002365347 3.371998465537283 2.964647697220384 -0.6696811206321378
-4.137344031382844 1.0273201068693316 -4.692571020901638 -58.80157504212313
-3.009818308592318 1.2493265502094895 4.511924508357495 20.805011039886246
1.2066841961209471 -3.1197866461260473 -1.2861914343891776 0.16562986874956584
0.9238383971152953 2.682833438117366 -0.09595332144335256 -0.03833184701857606
-4.792543549690958 -3.03521554110435 -0.8344642627416068 -2.339256726499308
3.363947840382833 3.3277369469591562 2.2638778928087513 -1.2197097453458672
1.6970225887529775 -3.7239502582335735 2.3138711991648018 -0.23860486865259786
-2.406616500983069 1.6299983998599865 -3.569923530820885 -14.168560185168046
1.2898795299574681 2.9050224775743336 1.8347011716500496 -0.09875217514288422
-1.6666338792052962 -4.55415524933151 1.3784270793406348 0.1251139170325541
-4.822850856194129 0.8746286197376705 2.7760056698254676 27.360382314088145
2.783215319568926 0.4240706998143873 -3.1098721308933053 169.40767007852415
0.7623358641849967 1.6090922002387975 3.4687581538486167 0.735934944483274
2.353249098831558 1.4890078447218746 4.659422432353326 -8.762754261346727
-2.3033525869142357 -1.260953227808208 -4.340035351570192 -27.05196970342245
-4.993854421800092 0.7055753417082622 -2.554053477202353 -85.61528844995597
1.560446816328092 1.6829963008803102 -0.363262186425529 0.9588469090822604
-0.2561893982334116 4.042638441820559 -2.68195822104662 -0.8278266429282588
-3.524150335079985 3.3946029683393277 1.533876278126698 0.4649550228435852
-0.6097561410297878 2.0876520413649278 2.1508124619955318 1.2018887509850746
-1.082953103601303 2.1538386869013637 3.779247554603902 3.377894930485375
4.809700696363894 4.60063160024027 -2.355810398830125 3.4912601286073977
-4.528699864165513 1.4908759553626014 -4.388236504015056 -27.674586803603923
2.280548322432664 2.3462333499105004 3.9458259780576164 -2.6631489284563408
-0.4441405831127234 -1.361970839143952 -2.078708747997818 -6.884794882361272
0.7147792459414415 -4.234975214220893 -3.2323656606669973 -0.21746610764969904
2.629687312099583 -2.568892511818932 -2.58940400516091 3.6080296949509134
-3.862599648458392 -4.824407883356537 4.381458882422935 1.5288369202516936
-1.8752149331218937 -0.8041744805215743 4.794704569084198 42.62137802750116
-2.4239889479010204 4.306077864870479 0.7565562022545116 -0.10854942056158984
-1.1768071323001985 1.667575798040609 1.2071484748876031 0.43524523269406157
-0.7259179060104124 -4.046750455267971 0.33799137205945406 -0.19514513183961016
-4.605365072764595 -1.9397357264259996 -3.987608909387619 -15.26230061086855
-1.0562098574556456 -3.8188047574901383 -2.895638424633878 -1.4904113495611873
2.7020039281719868 2.297902088436233 2.1248120567299766 -1.4903734685624848
0.8442034232013729 -4.8158292299335095 0.7395585436689771 -0.005732591418044655
2.9259535559685625 4.4731937678449825 -4.204622412261058 2.124481546622964
0.36278128848708047 1.1086610140954107 4.3519763261337445 5.409553876878809
-1.9953953881415054 -0.0944739761386284 -2.259001795956851 -2735.401342938929
-0.7475302498798939 -4.322797121881672 4.863978768707614 1.0086542084330528
2.644472009439852 -3.78831623343177 -4.523192505406235 2.5812592088358435
3.7137679337113543 0.08663275803829862 -0.17641568934464313 2030.0188834976389
-2.776495691186629 -1.619411176660467 -4.77690467333736 -19.533471442846245
-4.183299605308059 -4.533931029567508 2.306492396645834 0.696798742784104
0.08498078804915732 1.3699944370109742 -4.175581655290433 -7.634480055714373
-0.8824558180079354 -0.789523734248144 4.536974302442079 29.445616963715725
2.275300265189836 3.665615398167546 4.55510894576954 -1.3104221321900362
-4.318981680257666 -1.76407439353935 -0.32408108251766343 -4.741528927891778
0.3071818373539248 -3.046679360414073 1.2364499973387169 0.05462309024299189
-2.695007678237017 1.3653460230346468 -0.06339159059040611 -4.980940963205026
-2.0918760289729574 4.588947781405626 -3.0429075558187924 -1.4727099477979306
2.021586898415851 -0.8363433795589073 -4.469954641014927 30.039626483458512
-1.1115834033410286 1.9070876794777822 1.9579358459883336 1.501580598123584
-2.4252309896730475 2.675937854366018 -1.6642667091557408 -3.077034034455779
-2.7433428835058837 0.33431089083480536 -4.659085533808186 -446.21349835210475
0.18021728525680647 4.810529585057974 4.480666099382415 0.3766992165823763
-3.074688755783077 -3.0049954889287545 -1.470867891344895 -2.558269030144019
-4.968473626760348 0.7717916398137845 -0.06465049165273307 -21.380306981066802
-3.555104491148845 -0.466798571199023 2.6166520404513935 74.7952894940608
0.96606350874813 -1.8130665742605103 -4.142936169697666 -0.17631724492151288
1.5210347427742619 1.7364305384921401 -0.36119031911030586 0.8322409928114655
-2.7502015145439627 2.110023925924761 1.8378296772726994 1.660503482655024
2.289728570066992 0.24931526003120474 -4.657976625753277 456.78657766889364
-4.736697185083444 2.7764633553004883 2.5783815074876024 2.3911736342720626
1.0571066356256118 0.7070021107484203 -2.7728532200139613 1.4459666162467235
0.602736717124551 -1.6004290409017417 -2.2310084694247068 -1.5997920599250162
-4.781372193664689 2.6170673716400614 4.6514215816558675 6.25560911412003
-4.641629652720028 3.6133490300758773 -2.146689397614563 -2.785931661819779
-0.40788580276919895 -3.0306225212245996 -0.40311497782813 -0.6199486718368032
4.1565349277566614 -4.207829534083251 -0.12814268891525238 1.0325454080516294
-4.025920297537148 4.886047509717599 4.431413440099899 1.5451233727958396
-2.518389220435948 2.3409245820114446 -1.9872262387124264 -4.596316820672995
1.7453407940507475 -0.7769385048397615 -4.449533891786275 24.454740870102484
1.9330389175340539 4.731720731238937 -2.9306960736776 0.6091753308148118
-3.9089091440495247 4.3306128303046965 1.9537358010836865 0.538446486545629
0.4367378640274042 2.418512580712803 -3.0225783971462263 -1.2151602859798702
0.7129762979540786 2.9882732174792723 -1.7610138535122632 -0.28667541065682295
-4.68844021831007 0.4093775378716522 -2.167692375978041 -219.60071659722553
4.351185335185054 -4.179146844194274 -0.4457150003103454 1.4732274424578677
-1.0906001120732944 -4.811584015489294 1.820749058655502 0.20048017096545914
-1.5726647954037243 -0.17049171907990335 1.6318131271748868 144.96165874765057
-1.2574778627788872 -3.5908160666296016 4.7472575467260825 1.7483600601760707
1.368663100373686 1.373929733232515 1.8377859087096464 -0.568691666718375
-1.1528490806089264 -2.0632400631637946 4.948976256414463 5.371975377332571
1.5669570279908118 -1.9417543963660364 -3.2593811438838083 2.27847881146101
4.334579788761477 3.15497852328528 -3.046302557854724 7.177873161786529
-2.050853790080842 -2.1174497309841933 0.34756463352408673 -1.1051878693959616
-2.679266738022382 -2.017276637665492 -4.940995819979259 -12.709156265705905
1.907253801760172 3.6327768816723776 -1.7553165255988845 0.7021795510996742
3.140795675090036 1.9576518266476537 -2.641964433234243 8.897900106107064
1.742636977760056 2.861458763787608 1.9206214161279522 -0.30336294850884893
2.8018118275651807 -0.9284107856683175 3.7895472236206214 -24.30305423437182
-3.747945475112507 0.7563977607154762 -1.4572063357679932 -44.496959263828586
-0.5309079205853013 2.962335019457619 2.511667051518928 0.7512635380792649
-1.8815804005549595 -2.5172840517179305 -1.6713461940479366 -3.0672099944404017
-1.6200032266926865 -1.5759291181103583 -1.6492142101372376 -7.2154022618947335
-3.124173992792203 0.007599992358933605 -1.143034303686914 -349775.2423523512
2.4223235430635084 -4.387768684994491 -0.15387348668991052 0.3374848960189549
-4.889912694990205 4.803778865262139 1.9904594661369703 0.5093410199138588
3.2618056397805226 2.297082754123653 -3.096174386884505 7.817324834048343
-1.6528806809855867 -2.000273786829724 -2.0867442641763665 -5.2689907333954435
-0.7883150472482212 2.1761956820427493 2.028260971981524 1.0797398466237995
2.8546073865597297 3.1785439671647424 4.344519813638769 -2.5776531017172926
1.489087427665579 3.1416322589304464 -2.484479428959645 0.6086376780459577
-4.036215443931095 -1.3634467676312436 -0.9277368704523079 -11.162125730610056
3.323259819479876 2.77073899173236 -3.2080418694291 5.721941050274236
-3.602987968492614 -1.8191025530410956 -1.6829951993254677 -8.230615416638683
-0.7392244277562687 0.3935163135124462 -1.9242155213307246 -91.74615211173698
-2.784680259098339 3.478831164252531 -4.783340304734548 -4.243973102316664
-1.9166578742575604 3.34459332060149 2.2301739795355138 0.8074807417007783
-3.425888045156081 -1.860770609487028 -0.6480037382481472 -4.7070756070586075
2.4133225649313497 0.8543316428437571 -4.784498760914343 44.291835302673086
3.2725087368639 -4.95531875104856 3.694821947282003 -1.1121428090631278
-1.2340702424520744 -4.726638196806753 3.7162297871766725 0.7253418415119718
-1.9324549104843083 -0.12673263205410734 -1.3836487507108695 -1094.1784214446639
1.1033574691840276 2.80364743706901 2.0563766368406124 -0.04683914609767465
-0.2662453204187578 -3.6375908746696606 -0.17420132048595072 -0.3283540151259943
-1.6385363635104575 2.999915891377098 2.9358365117522833 1.4629736041988401
-0.7173989898127928 4.976537258123681 -1.794234146710918 -0.54238957634452
3.245585033301545 -1.9866046643518551 -1.0508627752029307 5.18294645232251
-1.4214869987812664 -3.8642134755489463 1.6005016095347244 0.2557836032562563
-2.633702226590624 0.8663033912469356 4.266443808464441 37.55563554514241
0.19588114535607382 -1.6275560250510601 1.1108232927184014 0.10294187820923627
-4.648215662468248 -1.659429297548769 0.15583192940486335 -3.5461672526005295
0.051519498944258224 -1.9297092978522201 4.654364547088935 2.80686159843612
-0.13262935330872416 -4.748501127290017 2.8129125645305217 0.26961911492739815
3.209310838922251 -3.046718838634248 -4.522599369310081 5.806882116252513
-3.113008806317298 4.473900999010645 3.846747518597253 1.338303928723303
4.110235948158881 -0.7951100951482797 -3.073201523728587 102.06998639318392
-1.790368575382156 -2.8452362602143433 0.43613500815694284 -0.49453144042782
-0.04693190344627762 3.455368024868129 4.64868993566758 0.9553325362915939
-3.9417782909838452 2.7378439564380264 -0.013909296889874412 -1.4383615378106158
0.6959673573739353 -3.7105198363423675 4.2834631916077335 0.23379374109622614
2.8785155321348155 0.6042234371413215 2.0398358001527104 -22.539026024668903
2.3683160931194456 -0.4385439903194044 -1.8014208814826538 78.35006281031913
3.6997459179425025 2.446094965708646 3.5177325946458886 -5.409399520561072
-2.001406054326237 1.393057656987665 2.674902360532072 6.475378967260416
0.5423529110333289 -4.310690450362823 -2.8605941210237837 -0.30159860248077636
-4.415472070924355 -2.633063682832646 -1.1745027947231468 -3.5348089850996405
0.5289130082680735 3.9694441469940287 -0.2049452377041554 -0.11411177472856242
-0.07985331178165556 2.6321776749127164 -2.2684013724735754 -1.5161312132701572
0.31054225185735174 4.5489424562658005 3.903231305202299 0.299495423207675
1.8019799199731166 3.9794494247944936 -3.8621059243405256 0.9010610322325637
1.433845454870399 0.4582042299410096 -1.819804053226266 20.406623110791614
-4.223561678557624 3.3892134109666987 3.776726258434431 2.6632679101374817
4.9300429340493075 3.6057667781145994 1.3044651120022124 -0.5445735413901215
-1.0104918684988649 -0.5503876511730112 -2.670907438950778 -66.38239644438917
4.48344465602689 3.6177383728261816 2.9492156014091995 -2.8212901730509437
2.762709206596403 0.15685032887734618 -1.1448148363150934 637.0079354087978
-4.271667254498204 -4.036314554609452 0.72642028161704 -0.1860837388369532
-3.9362206014666112 -2.732244606712851 -4.434220843931884 -7.735153417833957
0.4512607116789038 -2.5994672818774367 3.073946185924509 0.5291393343843251
0.3080537664313461 -0.21598969380977628 2.8066069915975858 82.94309506254253
0.595750986351109 2.8302993328113697 1.72233598888986 0.11628417570037686
1.822382235971566 -3.331143094951047 -0.15589311220289037 0.31426735208013895
-0.612958595290908 -3.0221213545944323 3.410845802608902 1.2035209056905047
-1.7321952646537078 3.5238165446786223 -2.400028754103504 -1.9129768560346407
-0.20745203300684523 4.839593665608744 -2.8478757185579595 -0.5830113789864285
2.7400402074759613 4.9478631326172025 -3.2089158095311676 1.236178557842952
3.2564820571974487 -1.5116800253118434 -4.355836050383193 23.527411417964395
0.3987993253666966 3.1404849133117487 -1.1854627013722951 -0.4162604439507971
0.3577426600075402 3.415348572012867 0.48874903389276625 -0.08758216678838239
-0.24532003465331353 0.5488518984665642 -4.633983387252889 -68.19961472762006
-2.7870156374006205 4.143159024877232 -4.619760343347929 -2.9087322514199236
3.1608311167090957 -3.943273345363991 0.7081474895150954 0.17790510849810814
-1.3114828484201002 4.415768547369126 -2.5486152375468984 -1.1156775603086755
-1.831769859579493 1.410748351458377 3.2194541395487146 8.00712427145795
1.9788815297361726 4.534650726725836 -2.219218673528025 0.5731644584493476
0.26115489913608947 2.2286212209520038 3.367557108636003 1.0849135536506689
-4.507034270173682 -1.234121063595727 3.3100556877858196 17.27298185028511
-2.047414259278977 3.1760152448212686 -0.7482132428774264 -1.315188960855098
-2.2351393707354053 -3.117819681362377 1.3903113641511773 0.3185037402117098
-4.201699087351839 -3.882881935856215 -4.088340476383197 -3.7084631351129183
3.1099428395142414 1.3926105385210894 -0.04488114251991604 4.949674689214118
0.30491191874400236 -3.798902466675116 1.4240105445076683 0.06319310676880074
-4.058545298555984 2.4382825911205597 -3.3517120046502025 -7.90130058723286
1.4134372362827774 -4.038641515886666 -2.409186249224379 0.3019198118293238
4.402815805179381 -2.354637684165933 3.6652076844857397 -8.767443445364869
4.206984479323607 2.0929654672135953 1.2237959138780399 -0.8484796839628258
3.920424487581224 -4.850581420850374 1.3476004275180786 -0.21290540305172687
1.7873995485165644 1.0124289712774353 0.8028893485797237 0.55311659186411
-2.8918473047083504 -0.33589603426618275 -1.2223568635562088 -178.3881247881505
0.48281829531607734 -4.028012726261901 -1.6066217935530869 -0.26191019321157727
2.345455200475117 -2.2471251129153402 -4.4067025528379276 5.6461069243309465
2.7399950641588546 4.239982592050289 -1.3288814006990846 0.931432913940828
4.795792899074495 4.200584759017071 -0.392274878185626 1.72653217114448
3.8905754789457543 4.446288934903219 -1.56632160160727 1.8425572148418636
-1.599512546780415 3.7234312705583044 1.5101122647961285 0.24737312512983056
3.921549021638132 -0.5652205620624162 1.285321884423679 -12.877770840251001
1.1575939089922187 -3.864685623971824 -3.4564125697648973 0.15953180308222767
3.513545232860631 -1.6188779513640439 2.4014705393917204 -6.216648643931722
-4.954454014985062 -3.7494022302065444 -2.288998950288632 -2.794681415220316
2.8378592661592634 -0.9665157553388193 -2.318859957438878 27.350275662880946
1.366093005159657 -1.720371629788283 -2.752714714073404 1.6128958538891944
3.4404369643928394 0.19848033122665942 3.2939694897695304 -649.9300609501856
0.6539385858953031 4.927401903007642 -3.7865511161487566 -0.21899415806932387
2.154935803996473 4.9252485724362085 -0.7542496333675253 0.31938733076157605
-4.8383608253214385 4.942994863458674 -1.8077922351798401 -1.3564722368449498
2.4654697451110383 -3.292040756001583 -0.6508380476209332 0.8888244518005709
-1.155079638599532 3.138937100174724 4.15146835667538 1.8537861270270661
-3.2309186401795467 -0.8353877947556061 2.3056328329117806 17.947780149624595
1.7398189517013734 -3.5686442804441953 3.063697079335558 -0.43540816629553836
1.410218209117506 3.6370779363650936 4.525717790368459 -0.38185316088451793
0.3292941861741925 3.7701101312972938 -0.8606155922476368 -0.27236025736396957
-0.9746374690337811 -4.790128592837189 -2.5820062920219025 -0.8426562475423456
4.535316335981447 -4.547099388295797 0.4291980008623266 0.5357980140689519
0.3421307337599693 1.1919813844889102 -4.373155842643612 -7.7280517462647005
2.3610516070001673 -3.6075033303346107 3.859761364548543 -1.1745691352660532
-4.968341548834175 -0.2783027751716496 -1.8505383248198806 -440.2435978750521
-0.9729279735197256 4.246118894151252 -0.7454653892407705 -0.5222000359242245
1.4262595150123234 -3.873447573195153 -1.854619151237833 0.2837774082683498
-4.35861414432725 -4.874539228300091 0.36343051947222893 -0.2999438001146857
-4.199636949226696 3.029469336952342 2.026514806154802 1.2287092591569524
-2.392544051064589 -2.852386839954301 3.781579016727383 2.807765492736417
-2.8320956221870053 -2.675091833978623 -3.4891875254971962 -5.62018176015094
-3.748784795306721 -1.2876770331210698 2.456753709129087 9.103568457277158
4.727936887046379 -3.254304032481874 -0.3738456548975888 2.7518889298066544
-4.965522076829933 -3.019430281422908 -1.2703726871087317 -2.9780019729514993
2.8951560520393915 -0.06203270798453264 -3.2557070479389107 8849.972718214452
-0.16298669923135467 -2.5107916216706316 -3.4850765514276114 -2.4424358383086857
-3.0040249915181616 -1.8750878356520628 -1.0282199873986588 -5.3285870399670445
-2.731125404477618 -4.66342659463926 -0.33150204261119054 -0.5383018242519956
2.957105128180433 -1.401436625806729 1.2189079989749683 -0.9291779780024104
2.406659171440082 1.3315616699498198 -2.3032481941510285 10.35370720014755
-1.4058915486656396 1.1945568335646808 -4.942652340920057 -26.35328465640054
-2.846537198983569 -1.899807311085059 -0.7650715625945894 -4.392869698424275
-1.1775491086986802 -2.1280050842436093 2.300795286224817 1.6788282099408618
0.5081957493466973 1.0649316958093245 -3.477230893604948 -6.136641389098704
0.9678542290772905 -1.4671540855490517 -4.922697275271489 -0.29378001098044415
-4.863504070677691 2.773190489645306 -3.904246169858978 -7.546926780899023
2.8979109092279076 -1.3714880288462536 4.043185678956878 -12.970459742455084
4.080493064800828 -4.598123273803138 2.439223669517723 -1.0627302153258318
-2.46241527019715 -1.5432504567303553 -2.402917832577851 -11.909041944255454
1.1227334144928127 4.9769490372915435 -3.5728396872072157 0.07657101399198415
1.2599997861290548 -0.14349319844651465 0.4463068005909001 23.998790773580705
-4.6104241610779795 -1.5736248799394845 -3.116263176077844 -19.149385127097727
0.3843386738894594 -0.9018607054859853 -3.793242959188113 -11.319688677649767
-4.997242606637286 -2.6514346937721935 -4.066275351124419 -8.645465378974405
-1.8852843806396336 3.9689901189436867 -4.8528707560797635 -2.7058841609834685
-1.1781687219720727 3.122433288968919 0.20079718690806914 -0.47919555250528384
2.5294535899844552 1.0925444773366255 -2.91087064836682 20.123355041386677
4.352208785730973 1.428038511369687 -0.0821339471316147 9.448760983870883
1.880438994322473 -1.2138910183374394 3.06569231932202 -4.560308394602065
-2.1279772109718342 0.613984014599998 -2.112781534396624 -63.889718688277085
4.706055566004032 1.1516236163350015 -3.3514873408868926 68.90812016390193
1.910029760233595 -4.309029041066673 3.5483739840759405 -0.46316341397672955
3.1246766551750724 -3.546262201015015 4.588108002849664 -2.645116435411992
3.3506507286867997 0.7684364030735207 0.7515676425275641 4.461927536045809
-2.2495687610034834 -0.6836115319813905 1.8235689649876576 14.025146222500798
-3.8410122376750455 -0.048848690210247625 -1.4834161683035552 -10920.266575370404
1.554730827427556 3.5329170476180636 -1.297087909981507 0.3626609500199659
-4.300884597011487 1.29316137133634 -2.559366178685223 -23.668673860494046
-3.8805787041583217 -1.0749980982070637 -3.7704566948428275 -43.544125024737475
2.185344804679504 4.4824231417153975 3.9916155589238844 -0.6775419891167558
-2.4561078747235445 -3.6028179648945837 -0.2970528819984084 -0.831762291258132
4.30935725432084 -3.547315543841888 -0.8311996759428233 2.5388652122334934
-0.7114159658980501 -4.783892040939577 2.1008037819608063 0.23055636767382626
-2.6955345526655963 -0.60107657039919 -4.47197790550664 -132.26114123086137
1.6770034508258487 -1.080503293290156 0.7282586466570908 0.5679838231503336
1.386327632524294 0.42849179105751833 0.10647836492377039 6.548001026307183
-1.391014542707798 -1.8760516927252602 3.5009464822497947 4.47461694415185
-4.4619015413924625 3.248152041823108 -3.765339597940789 -5.11753565804145
-0.4033138712560316 -3.214346389406079 1.1591013964262338 0.062315059010421794
3.903568432933792 -1.7397888303497435 2.2316658420488578 -5.814032276078478
1.0096509981303576 1.8168065830791527 1.6115527899540227 -0.0059666903088956965
3.1786138898601983 -2.428730327238666 1.7633880940855962 -1.2399828570877196
-4.814483933205112 3.3249660603448987 -3.8342063578596375 -5.148688936171121
-1.7232984922625416 3.1942825699550763 -2.137877063716158 -2.1431666312646063
1.9949252326647215 0.7818556536951586 1.8113275563790125 -4.94868000872665
1.7586293989862885 0.8845976028207048 0.47367881510023935 1.8574229797431572
4.147873351752123 -1.4897304296839886 1.489138715204529 -3.556652625827778
-0.6447833609778524 -1.7544856548079082 -3.596875568246889 -6.922392755123576
2.2367908283214994 -1.3435775847454314 4.734256959899181 -9.886781182343546
1.502217204691786 -4.072495764811922 -3.2412213730449926 0.4533951535716659
4.132681263827806 2.3233900292613345 -2.4461222806746363 10.225492253429342
2.7659946395893744 -2.989045196763356 2.0084727910933164 -0.8266678177911541
-3.3605652279833222 4.91874575511409 3.587741664405101 1.0472524351327175
4.061274812412078 3.208941002917049 3.317760468802515 -3.4807708257515384
-4.023994008629535 1.845373752824301 -0.33497236352264004 -4.213104647899897
-0.44793783401041676 -0.6439564011014749 2.14837827043203 11.513639522875335
-3.613048283947159 -4.009670939981276 1.4690445544980877 0.29658590135220636
-3.907730612013042 -2.39405980928304 -2.275109054457578 -6.0492491855146415
-0.3451839438148019 3.742169761586368 -0.6968391560388199 -0.4726704143737155
4.449891822741444 4.268760365419794 4.2675180578661855 -3.343795655139574
-1.0819716826783687 3.5048236408044566 0.27365665884738455 -0.33326419532180884
-4.543169367453569 1.609609222533864 3.1551448213435833 9.511650781779426
-2.8068526737113197 1.164032261232287 2.273298210543496 8.380019047214477
-1.3243763418744683 2.889682110833429 2.5741557402058746 1.1608095329023163
2.0915545930915824 -2.1994575666745497 -3.052548085033131 3.4687467724464853
1.005065532092214 0.7361699677069513 4.373260243946163 -0.10515791763784842
4.737596353618573 4.065843295925655 3.5210323926577693 -3.2494259808155443
2.460113030845518 -1.8422750026292691 -2.076222424286386 5.265646634346755
2.8582233939735 -2.0418109954732575 -0.6176469620759981 3.0287650602980594
4.821850040467027 -4.553056221127223 1.1824568928028532 -0.19488325392869937
-2.6283023101820358 -0.4325428587158431 -1.9064590307653173 -133.90156816491825
4.759834004911548 2.319874422269197 3.992718806309096 -11.969660737343098
1.024412260293385 -2.279397981221213 -4.583619144839229 0.08768833402204886
-4.784347671002022 -3.711191801075713 -0.4772435323295108 -1.2589218563400744
-3.43869331753874 1.615950711758992 -0.15721387438419576 -4.391134731493544
-4.764178195690826 -4.522679571931311 3.8366401343623036 1.6242840478462575
-0.04188148538731795 0.9130044302507496 2.2707707490125717 4.7451060544606225
-1.5302219672674977 0.08914777061197299 4.487297544915327 2888.7518655440877
2.536145653537286 0.48379188775822435 2.472915808393207 -38.85538844469448
-0.6410505788110212 -3.1415381009570242 1.4075782758815887 0.19106673363158821
1.5468652008841985 3.11007429457983 -4.880264470672692 1.1798833713575847
0.6175134838592911 0.9726917706567528 4.627536025981241 4.6890048971217855
1.7491384044862812 0.1717390610203937 -4.501273714841942 508.05309328364723
0.12223490347785315 -4.433524051250529 3.699537449867833 0.36612727847847976
2.0877495424150903 -3.3678855666065144 2.9813179295150327 -0.7204264579143381
4.409677259475766 3.0348989330959526 -0.10550921642350097 2.196198285472434
-0.6142002736767394 -2.7462540833807223 4.912397871269473 2.3667532167820435
2.415903626378202 0.7411096975620781 2.270669811756189 -12.957428636377323
4.273134696250825 0.27590956559847424 4.695355653885894 -832.3210756800847
4.013786986560843 -2.7253685092195976 -2.356827623237016 6.825904606964612
-2.2638406233316943 -4.333287453314805 -2.4826986560496467 -1.4808279395787167
-3.164825428450071 -3.758042023742658 0.50388655950022 -0.333396227272446
-1.415301526034447 4.81856464339902 4.088261576716034 0.8442749850592887
-4.954828590812388 0.22763801023407826 -2.682265636333623 -848.8571935370987
-2.8810400150346114 1.0087924082376665 -3.189173828895362 -37.20859034892499
0.5502922747820049 1.5648683141568647 -0.5015560566132704 -0.8754254796397419
-2.3330660087251545 -0.9043422245727761 0.5660682658648009 -4.301796951872373
0.8585453874074567 -0.4519216950973757 -0.12045025786341768 -2.546767273705762
1.5304656634676492 -4.873174763401844 4.886157223257813 -0.3074789528715622
-1.6079704768488687 -3.703302147412626 -3.1990200116468834 -2.0636558882093934
0.6367810876927607 -0.8115764455867138 2.315734699820723 2.324737875858296
4.400067281136174 0.923263199903122 -1.5014692575997146 53.45275272265736
-4.011830912665175 4.0103762416839395 1.317814199806926 0.21204392631930297
-0.8366662888568834 0.08822677038757742 0.7081936017708967 -190.61183240660577
-4.862745865823655 0.8792746902406732 4.803984385122542 58.225449892039705
1.243172923431369 -0.15092497109969472 2.223736044524961 -44.75641028461647
4.862627958657674 -1.3677133762286955 -3.062997638552256 48.991360242271696
-0.1881031233489221 1.918627021804932 4.270949235895049 3.1086709202873997
1.3271649989333767 -2.8326085137859067 4.856391122744148 -0.543919924866849
-4.684020480420028 2.4589129712722704 0.94169427237106 -0.11198421522815472
-4.943021023165009 -1.1164445520776711 4.273602206553624 31.335865967479922
-4.060147551555263 4.253874259093113 0.6001735330972311 -0.23855954608288057
-4.179509148388373 -2.0913812754197036 -3.2463182925401277 -10.638852209808796
-2.6864881051892753 -3.366369157163387 -0.6555260663011628 -1.2735183877417642
2.452640230806974 -2.470469362623761 3.4901195355574917 -2.3558385310302485
3.1075884424179563 -2.0318722714929462 -3.670197907289734 10.377155835060247
-0.6100187764514207 -4.12554925387198 -3.6581206093735363 -1.2459000967672786
2.022172944231543 -0.9128244275757558 3.3527816615717363 -10.853458208527409
2.392974678100421 -0.2288117062978916 -3.2885526294478495 449.9910532740839
-1.193161568015456 -3.4465457310558243 4.689109673348751 1.8255451761521697
4.944847833875434 0.9737917477761098 1.8001787696251528 -19.754776574732176
-0.8295345201506974 3.9819208934868406 -0.7175326448580952 -0.5489993339845977
1.3433769737776746 4.248170430764114 0.7732606564141484 0.01495088632962549
-1.1557929691060584 4.7571000914239985 2.903597601317694 0.4876614552293002
-0.0730618553256237 4.627622367118505 1.9696622187966542 0.1447068741519917
4.560338240073694 1.3133851843138897 -0.5608569223386519 17.767220272970444
3.3467878651902687 4.968087815755167 3.1525945102754847 -0.9228846410977285
2.8475144066765647 0.19274847851776666 -2.4193025971348456 713.1940571055213
4.906581336882441 -2.7732750562344455 -4.750872501555536 17.20507613168597
-4.897100215078641 2.2862400210466642 3.869897956612169 6.520499003399567
3.578462192369127 -3.463610910217164 -2.861933700582311 3.877837396222048
