3.2791429603808986 4.132630390100905 0.010638243379106474
-4.136029724558849 -0.599245718797512 45.828645399259536
-2.8863694130039885 4.541000008267574 23.268040853708545
-2.045848817867043 3.8203125092285894 30.88597760395062
-0.9747426694951393 -1.612171134856836 0.8660266887577283
2.213550469754047 0.576622181883959 -0.8100844243702502
-2.171511838473419 1.2127151358251194 68.50310510633463
3.7135506391788002 1.8077637996696847 -0.024316918451904757
2.6246067499201144 4.669385745146453 0.04940888214747781
1.5780745766225959 3.086644840478481 0.3512263254751509
2.790002191594785 4.343858147817706 0.027004036155491375
4.368041909646063 4.227692918549396 0.11913574441687569
-3.547972389339129 0.5267200912586603 124.10119919777027
-4.24957385851 -4.051204766537824 1.7905071282269271
2.0219417722000186 -0.6349640564922874 -0.7469813497406017
-3.3969232702670213 4.900453874283864 20.792516273434902
-2.0981030387884694 0.9718414987883488 60.193454076167626
-0.18445738594694383 1.9861953471692413 10.280700871030632
1.4439593461623872 3.105500025831681 0.5009905637450396
1.0563370308480717 4.007720453700749 0.544320384808402
1.4017902394942086 -0.7469494696583112 -0.6324431369586079
1.2157777169932462 4.0575410799278195 0.3674320998917943
0.7331678539429536 -0.5384730893699778 -0.27873961459280605
-2.4297751881894945 -2.1346452205475828 2.444928822569801
-2.8611770524720503 2.5985220579883386 116.55355552107149
-0.12312168810184865 -2.48052269326252 -0.15494774818801949
-2.699078164350067 2.581998765732184 104.32923579639261
-3.8835186971654267 0.32667564710443564 124.92659499957625
-0.7278965464568801 3.846255401831387 8.922369170243226
-4.527257367180954 -3.122769999088507 4.275044140349228
-0.17024497334530064 3.5260253415072977 6.524705665516801
-3.5750055299864747 3.0915599918382846 163.64753189935243
1.249014808658063 1.913014835971988 0.9202663694495438
-4.39248082494122 2.8333097216607683 284.9259571640394
3.1153325899546562 -4.211423876590986 -0.2454471431891878
-0.8019069793150324 3.8511706000793406 9.598317910704292
-2.7601517923162353 0.282783481234425 57.956079437956916
-3.6707633580876586 -4.945160619896277 0.6362001912825452
3.2785011875584775 3.369235038779003 -0.02315072500049955
-0.7785849356355463 -0.6725442193074862 2.589381657230848
-1.6364663649071076 -2.49759728384791 0.7191385662095338
-4.054947518648023 0.5955077242364561 177.5075427489704
1.4752188896774667 0.9628198727473913 -0.09069460835014417
-2.752188787099276 1.6007185384845801 109.06816605447841
-2.2527222975001426 4.824839096726755 10.390380398352205
0.6130031424802551 -2.333834282710603 -0.3141076814361187
-2.208225204335641 -4.249379204152266 0.23583291197412018
-2.329825032010302 -3.2419309400692695 0.7450741142960123
0.23815249922180737 -4.905994090072877 -0.18737327969378367
-2.8246691632899887 3.206860465792195 94.94160234023832
-0.6085181211453703 -1.5031844843050903 0.5151724295635309
-4.809612388318271 -2.860156515799778 6.205394638979851
0.8629075537390154 2.325240331050521 2.1202804059445364
-0.7234272525880314 -4.718585565890669 -0.12694114080009908
-1.2485448640989452 -4.212131732257899 -0.028093338716985106
-1.198661811096212 -0.13574838079072027 9.18880199935576
-2.9777722467708303 0.9359660280013937 112.58592346180977
3.6299724712519925 -2.660067492738567 -0.36443600429154027
-0.6607895825838863 -2.1347858402400854 0.1632475194896434
-2.996448818124202 -2.856088523556344 1.939550257183564
1.8791742189359342 1.8966125280804844 0.13382028997191123
-0.8840723695185595 -1.8735048123012232 0.49638482457829614
-1.831713967366003 -2.9866042752395328 0.5354529358047686
2.0381014020208195 0.5881549981701548 -0.7701678202601309
-2.4760715856851667 1.2633478622063645 87.01178607548108
3.1902698197180595 -2.9682881183536547 -0.33364362970402384
2.607053695850702 -0.2989936672780029 -0.8588681714071679
-3.620114020788 -1.1507355318511348 17.074011077953376
0.05605683396836447 4.003086086327306 2.8782594718277004
-4.809366479821521 -2.2029533811751345 11.127835907449724
1.022589719845711 -0.9848625245072267 -0.49231639153836276
4.060158354350577 -4.09618911476011 -0.2508581038555421
1.5729292823853847 -4.5874067682547075 -0.22454051158007163
-2.4064196601365753 0.19394550616741846 40.4595779969709
0.9449045335017958 -0.1581198556545509 -0.3314018807707633
0.2919111490708701 0.46714955441622497 2.5815479176774705
-0.05123126899262331 -2.265139839736462 -0.1584416539182108
2.4255279667805 -1.2067361287121292 -0.6059045667291374
2.047933541804942 1.4310218833860056 -0.1456482282914635
1.79211604988323 -3.8172169461970795 -0.26652943336963497
0.11432738934194653 -1.5525301175319708 -0.12086969080527932
-3.465868781640885 -0.6433686420911835 28.95335783850377
-4.865387868935281 0.06684119720844173 158.76252167656585
-4.480619840428014 -2.1568080816855195 9.720810387359709
-1.6131436210858006 3.3951716026726384 32.820040519135304
-4.594163655819752 -3.2684962770622983 3.9540258445751038
-3.326859278904659 4.762137600116322 23.546311014199837
-1.479936452364515 -0.22571695340771836 10.783331574725045
2.7966527659762495 -3.104819344774119 -0.32131623799745507
-0.25052897110527894 -0.2625268534204439 2.21450661774578
4.733691343049198 0.6091193604936098 -0.16314293464023988
-0.6686641981308572 -3.814385140115056 -0.11143031988550463
1.9627243047703082 -3.9806409981961943 -0.2575116265006741
0.02416362221598778 3.253579107436787 6.2700580669739825
-4.456241733775256 -3.9610916280428277 2.1690061041535693
-3.332570964854331 4.090628302814089 55.26301124711139
4.355301542570466 3.871064563265655 0.14215594834759462
-3.177153251808391 -0.39746929271790776 32.99778420564834
-0.6334866786987874 4.030995162947809 6.454293830011959
0.44909752982642637 -0.391745465158035 0.1571901193695543
2.8208849864076866 -3.196716558119279 -0.31346759560489107
-2.6771414570196237 0.6914641827050838 79.55349813891381
4.8303333492081695 3.9446583323292774 0.45765760708753744
-3.5745386236287855 2.6189287526435336 184.1662720614792
0.15681805686118455 -3.05817023114619 -0.22711427168057358
3.9593282974002832 0.13400414426032103 -0.8962307336274888
-2.0718620788851783 2.8121553702736914 63.429809020902226
-0.0735513251127351 4.968055965407601 1.0832195090755783
2.9981570803003352 0.7462133955939549 -0.7372586819370283
4.921900698836414 -0.9758221730078684 -0.5115031431124949
3.5486049548199325 2.751096504656843 0.03140689829826617
0.8284678156324627 -2.8523173363784817 -0.3053883648417924
2.0251379908893057 -3.8564652054533055 -0.2651547439254535
-0.8631216521004497 3.226122961766073 18.148443207222268
2.8215388087677775 -2.8400628971707773 -0.3460029885742135
-2.9912261025881626 3.191286385604272 107.2289884798163
2.196034984927344 -2.153417065023111 -0.4268364450222286
-3.2571320196440148 4.42039656065932 34.618776927567396
-2.911164655493359 3.706879502611665 66.01972069265044
3.8805580881965014 3.0817850978488384 0.045734619834375816
-4.658129857956757 -1.3032573344945098 26.065812026038753
2.9118589097853427 -2.4174702558082686 -0.39299013675778355
2.9031663694991083 3.28199895042345 -0.020430060128584497
-0.7027759691612498 -4.984501021839137 -0.13100071259322751
1.0687068694541182 1.4873580446447665 1.1881630297013501
1.2834584951627424 -0.6461014671450585 -0.612331173003096
2.10390921530323 0.34247229922359246 -0.8813648477405778
-4.366014632847262 -4.312567118816132 1.6022448148757742
1.1029724122100628 -0.5981995326754479 -0.5405159420461133
2.9682284256874407 1.4644072586245453 -0.20683827339723954
-3.4081721344310534 -1.4702997946228322 10.32967740191433
-4.937849779216805 -0.8664761772252696 50.52325852661502
3.629663291679263 -3.0934523139491676 -0.32208388442541425
-4.26089280343273 -0.8406486365391928 36.30042540141143
-0.10372043583309498 -4.9021917662156795 -0.17228994562460906
-2.3686413380329263 -3.5681450886143318 0.5703300717083505
2.1180899241225726 3.2433339552789704 0.03034713351584292
-0.14802455184630947 -0.25089194386777436 1.8812606230128575
-2.8676928848608885 -0.28625633862916544 30.899570248263753
2.2423661019865984 -0.6341265299844787 -0.757283265075689
2.090926693513131 0.8600628651540676 -0.5968713121380441
1.842211540831392 -4.252000744114234 -0.24212295107105458
-1.4851967471855398 -0.43770821032138496 8.110471871115607
-1.647457103812231 -3.660727306044884 0.17135902842775913
-4.007514228848576 -2.406739139886972 5.834703046332512
1.4212507645012202 1.0073453391289542 0.026686695946760916
-3.1253473900175788 -0.4993402123733155 27.914204566130596
-0.8018572426879897 -4.022266544242237 -0.09834400305184823
3.9937722801734736 -3.206753450159099 -0.31132314497061536
4.553720182441669 0.20669169644935348 -0.647616889558891
3.2752920763695776 -4.176608459743672 -0.24732138071998383
-4.137801289163966 -1.0130032637813402 27.432208244039852
-4.7849421676957125 3.5617318013457986 230.27638998429777
-0.15624353782606537 -4.52444198527889 -0.1752132238935184
0.8827220927341237 2.516210932949109 2.0322337193139597
4.6851651861893515 3.9026300299846284 0.3418023067626327
-4.277567767295821 2.570932706589484 277.59336373500327
2.0527575724708447 -3.782007525418296 -0.26989711390660615
1.943701571332034 -0.8616859869694533 -0.6810104910345309
-0.9663552627533374 -2.0151905426049064 0.46818191608914095
-2.906408849922318 -0.5810137038041221 21.60217891593227
2.999247979639992 -3.8116569777760336 -0.26872346505105477
-1.4625591225049286 -3.4859837415865034 0.14219548088062953
1.0525896571441775 4.7806290969590925 0.26149136854783206
1.7352533255228746 -1.6783719337340122 -0.4928685684337653
-0.6798836001692941 0.804426564848935 14.529818756631627
-0.17276436459331546 2.733359490693844 9.872518241137174
-0.10836613694351627 -3.146941352229234 -0.18652210245116604
-0.7189569728802025 -0.7602408742676614 2.084985465175446
4.425445758228751 -3.574960655421936 -0.2802652330535816
-1.433507552124297 -1.1080530059904383 3.108324829907298
3.1362656027255724 2.4334403703933427 0.03836902936976683
-4.984840250689721 -2.8459128243236465 6.894892581870783
-2.6204305278453566 3.8755001744402193 44.59321361207413
2.673913206304479 -4.924003143483424 -0.2120982658609772
-2.434675217732517 4.079352967135025 30.407801238037578
1.8589550559521868 3.335949021930279 0.10596048781262173
2.524665124398373 3.5141488882066323 -0.021445911735637015
-4.894502818863231 -0.16085824256839576 121.24097102120935
3.502489794584573 -0.35781455637804704 -0.8418757624969804
-3.507886425318315 2.4351201677063647 178.77179533432792
0.6863013519142065 1.8009244231410326 2.8127413847744505
-0.0913543529034131 -4.112588119617433 -0.18589637771765782
1.4316366340252218 -1.0729075137269026 -0.5792363045733189
3.9864341283873763 1.488029781263979 -0.09908371054643235
1.5007672800810443 -3.4645772648994475 -0.2868342440725765
3.4710282694783476 -0.2426838131653124 -0.8727298198667592
-3.5732561034483803 -3.625264188531949 1.565008480908563
-3.325525469709165 3.7576241307485727 81.90271797018693
2.5503976909309634 4.4739578837692875 0.037276630913617104
-2.3523082776584534 -2.520545566079165 1.5386623960630175
3.0413135156409012 4.791318768817842 0.05595933828325541
-4.513308615969963 1.861104418194981 318.61237099226656
-0.6926832437921764 -4.606444915456329 -0.1287533352928122
2.7940840089656778 3.9339959513234053 -0.0048948499650799055
-3.9535336192345505 -3.2039031642113147 2.832150623168027
-2.180550023456326 -3.8962509350924424 0.3275780460353117
0.7631287848615518 -2.5231516990555694 -0.3218304147574296
1.2374243430710319 -4.124518966295366 -0.24337385022089433
-3.985328362990276 -1.1664705256917562 20.92411839916769
-1.611254949875176 1.9885783653820468 45.212051908133525
-0.15791121107861272 -2.689085117837732 -0.1600832725178382
1.7467222626222343 -3.3776103126888968 -0.2960656647491562
-4.600979528550959 0.0779966725887915 140.2293112171515
-1.7373608023578422 0.48200775970762333 32.02020373409679
-2.6053049767505367 3.130715382435948 84.83767614394074
-1.2945913251563645 -1.3622813736262551 1.897753917454864
1.8458899317559627 -1.2454792942914752 -0.582910902227118
1.6166935913395353 1.0709636991365041 -0.14775626825855503
-4.249874253400807 -2.761330439049355 4.918779947070726
1.1125043691850571 0.9387571675043969 0.5321068334318216
1.3703559366604567 3.2164955366096137 0.5616580136140675
1.7147404978288385 -0.8430139595514117 -0.6661946602329788
-2.855138106396784 -1.4422002064472625 7.261544201352382
4.910424582396551 0.6469782022139503 0.19814408240763692
2.266841218548298 3.944288818810808 0.007683938405310534
-3.443659005008083 -1.8159139866775553 7.2832632575607095
-3.141296373558874 2.2362843581200167 142.23354599902422
0.07496294671046577 -3.183516769772009 -0.21456315293219488
-4.217680593921605 4.326682515033742 69.07153734525238
-3.148752125526272 -2.480288438674494 3.076271496240504
2.4364262734621818 -0.6857040556936402 -0.746146110002026
0.0990230719736811 4.648571914509295 1.2439830915740637
-3.026477863444401 -0.7320435195497428 19.338570036165923
-4.575676718352076 2.0078045864880822 329.3728273571916
0.5307099472872245 -0.7117961296742426 -0.15994352822383565
-4.791751692738062 -3.7246948914141154 3.1258835423916103
0.5813478424128409 4.128947053198996 1.130577624520461
-4.734725218889919 -4.708882727502641 1.5368459184689316
-2.0965527706246623 -4.8066744901122815 0.0958608683429791
-3.7113282697243974 1.376563662371355 199.5967593453823
-4.119723328954113 1.7106171635130973 256.68684449701004
0.705112629925094 3.360416742475241 2.042612193384794
-4.428281777099646 -2.859038497603912 5.021623583483239
3.1409610023846177 -3.1377641004093926 -0.31846417218058376
-4.995000601872096 3.4056009942687187 293.84311108520785
4.996313683626861 -2.987375133422315 -0.30661068341076547
2.376274108702341 -4.477281757067947 -0.2318470682747809
-0.5095038919001542 -2.4036722976153415 -0.0017684457945470002
-3.3485874224781496 -0.31867510665655274 40.90122737332561
1.110098316860074 1.7616843479326487 1.2092793576819496
4.218361374061741 1.6069364145749274 0.08909777355744546
1.9034537390280963 3.743582443675228 0.05786036464930094
2.4708143985059303 -2.477014760189994 -0.38553246868563545
0.5181944191414374 -1.2583649549455975 -0.28539667509760996
0.2599599600665421 -1.892886627900431 -0.23315080987582504
4.483664777445572 -0.4884861932961284 -0.7057030653915908
-0.1527249614744628 3.4212844206997826 6.991933652915104
-1.520571426946261 2.7774297314593612 40.30988742151637
2.120772284824576 4.940665365254231 0.0703687597991589
-1.0705755184324084 3.4413848372463534 19.152588222453037
3.6771400726209134 -4.210972539804999 -0.24533110388824955
4.352577761972793 -4.405844661528703 -0.23345049778821458
0.40863347791839644 3.678825042452292 2.492667486110908
2.3063553944907156 0.6360080540030042 -0.7885961217714813
-1.8751624458916796 -0.4743934036980235 11.085544028035908
0.8203639578808941 -3.8988728155961305 -0.2448201124788728
0.39243026403034165 2.70738569267393 4.536378606845369
-1.2610512922545727 -3.3138745728707963 0.10438164281155218
-2.4309500344364396 -0.10041472843092691 28.620709713992238
3.988449380483864 3.5333639296785293 0.03689797042051267
-4.732317317185154 4.8498949391277755 47.115907253718014
0.2555453104237362 0.7504772094336598 3.826890732667533
-4.646616094667298 0.30480554471560595 186.32560433594125
0.8841104090134344 1.268814074645678 1.6125327978763875
-3.3727798473427573 -1.123943977781996 15.045328825971794
0.10727491496908126 -0.8564832761175092 0.2157573233201087
-1.559926431119829 -2.954326667530398 0.3709469550327059
-1.3145584444197844 3.0651304547110687 30.696007279196998
0.9033130756063601 -1.119080612946981 -0.44380654213942744
-2.4088293168827435 4.387036122081064 20.184407725472127
-2.7337602845200557 0.7453166261767379 85.87973506863345
-3.7042904330450552 -1.0212749974466364 20.994705503229095
3.3326641494343985 -3.715360756642828 -0.2749321254327248
-4.309569010397466 3.6320819948877787 166.96821405343545
-0.9033583896396529 1.0164207003550496 20.69520107290415
4.572789050024053 1.0313564427808792 0.042100923307320376
-4.619508743900072 0.7800968014658283 275.2342943154034
-4.419762333789156 -1.0369130608887476 31.233354619145608
-3.3138777753738102 0.6993307179930586 122.79172412969214
-2.1151842750510816 -2.432472278718042 1.3376956219915965
3.8697522534722655 2.1921214117216836 0.08527313822321582
-2.0111093195544205 -3.6021030901085727 0.3511856753257055
3.8359212855768963 -4.65733520933695 -0.22329268852474388
-1.9622542880250937 3.4235645612350805 42.957306258068215
-4.072501894689312 2.111391135805457 250.21771338537616
-3.536856424409607 -4.93629617709832 0.573801736276568
-4.676573547359883 -0.02287197679090447 128.92791961121372
-2.2853143055035163 -4.228127157952103 0.2706452782108303
-0.14842624419739536 3.77850055285022 4.8964178132440495
4.532530914593558 3.564977303560994 0.3207532641011758
-4.450681114464889 -0.8393212449864311 40.38979044394155
2.397553091135004 -2.6649979849739514 -0.36395338718947357
1.2793528587472007 1.8822545127061954 0.8486431258598447
1.4075005327601424 4.460138349471288 0.17337416950468051
1.7735497335548809 3.0829007752324866 0.19166555372688707
3.230159033480449 -0.10042121019238603 -0.9061967952873383
0.19339977648781392 -4.192953589629342 -0.20454278304054174
-4.95005896624345 1.6612775056249331 398.8363873315759
-3.9573883716619984 -0.6012087882798873 41.230867329075586
0.9293298014475484 -1.2534059391220076 -0.44505960541003625
0.2909018735412996 2.4997213265415272 5.390296888580946
-2.2845087543345333 -0.3268101690337435 18.985861668700533
-0.6246009315200283 -3.331085859353432 -0.09151700180230926
2.573770665052489 -2.0204997163491756 -0.44782704670400975
4.4576712994097 2.894000059115026 0.43422352494852384
-4.352529066988935 -1.0155892486431375 30.87176199133537
-4.420016249516846 -0.9147706630367569 36.20283359313908
1.8200102900780335 -4.021880685723983 -0.25453868020803383
3.2162871494198235 2.3600952043968455 0.037942817796876166
-1.8307995169437907 -4.694865122260996 0.04788281733148221
-2.526552463151189 -4.579241137125775 0.2681150957409301
4.364341714512133 4.716280073384043 0.10559285061752959
0.7110205544206867 -1.7462834917450332 -0.36102927252527556
-0.17471588686191453 -4.9631398779349345 -0.16748784080092075
0.504893707440325 0.9851402153760827 2.9466965858078864
-2.9698378757781696 -1.5552993589935138 6.951410641674213
4.3245609107397325 -3.2198233870977564 -0.3074576442066956
-4.261474857375854 -2.116558940272987 8.922598634415342
-2.3739268627537924 0.49865982089984584 54.43099912734582
0.4495809677217544 -2.670257115692575 -0.2765480914570848
4.608976520452455 0.3331172533378792 -0.5416901071469136
-4.240621118174967 2.2534076003856063 274.77451531864745
2.5807459548974396 3.925844449446572 -0.004265291199976631
3.3927564819316807 -2.223183401460674 -0.4183213986671266
-3.546549679219523 -0.16391294319693017 56.638541644401364
-4.591427518212666 -3.2678537805412953 3.949885376554245
-1.5264817765142888 -2.12236983049816 0.9723055575076566
0.4830814720228336 -0.9883056128639538 -0.21529275321108252
3.7327610906661928 -3.4760975080559775 -0.29127250589102915
-4.5779475538232095 0.08505819755985478 139.71186912194256
1.8379619891224355 -4.720275557859007 -0.21984866107411552
-0.9017231645061443 -3.0538857698627275 0.024057185839563625
-0.6981887669444289 -4.702033878149577 -0.1292900954829423
-2.268830240478754 1.8814861193669108 77.03533371982708
-4.148792162261098 -4.1514061817089996 1.5626825300893559
3.2563087142584504 3.4575038976641164 -0.024628600818890737
3.547615778770286 -1.9968983494295331 -0.4512729195913193
1.3300511891042435 -3.4417689071673454 -0.28535958353736735
-0.8303603914003617 -2.003218229904137 0.3561112091464065
-4.136517983549036 3.274734083485537 205.1824923164125
1.0374154711273604 -1.4195696295531102 -0.4570779430046198
3.5336467799790086 -1.8104190122495045 -0.4819630939816929
4.827898262229141 3.6987863556046428 0.5895879833388039
-1.71806525127431 1.7714697875540297 49.475319935309464
-4.446671754599504 -2.5510017649945316 6.628069646131902
-4.321111097802005 3.1530565478553214 244.11514622038325
0.8178901213664069 0.14235836785004352 0.10017587431933091
4.204822588534663 -4.854196629211014 -0.21403948041249288
1.763367448301171 -0.04624361015748413 -0.8311460726970257
-3.201493484204275 -0.8229498003063354 19.413581042703942
0.6854713965097927 1.1279639555881769 2.269684444185395
-0.9344800855616073 -4.578568447432717 -0.09987517214414622
-2.4224210946527416 1.3036199476593424 84.15399086599034
-1.9409243021933973 -1.917626335320024 1.9628037025753784
0.7348297957266778 0.8745782137044138 1.6245072978581716
1.8671744311036873 1.840019247945528 0.12459237362515486
-2.5186043544154613 4.5105406679186935 18.691482897191463
2.862440272812714 2.528477102218022 0.036420460558371455
-2.4613489632742525 3.8494021631290547 40.98802983460905
0.8151140363203364 -1.6301145702301123 -0.3911822015798135
1.4079153563717757 4.599817672146012 0.16018121491900317
-2.8283820397330484 -2.8090044483838716 1.768881113539963
-3.7804702637092635 -3.0941181716101083 2.7706124130701655
4.027138892465068 -0.4911392843896447 -0.7822039398243594
3.951625112095714 -3.7241012247912497 -0.2736112863384751
2.7054987568482964 4.904496123341502 0.06173430687089555
-1.0252874238607026 2.429397949742242 26.202922954106302
0.889556471086836 -1.9386491668670947 -0.38171832128273436
1.8304530641546286 -0.014438912490479794 -0.8503511060652479
2.8999987536492764 -3.677453173973222 -0.27746438294295656
-1.6418034212456156 -4.721335156367022 0.0056695294026217116
2.445376500625505 1.167285174790134 -0.4034478501901708
1.1521885571798958 -0.2344806177594414 -0.54241448283262
0.43716192450197866 -1.4881422377317186 -0.27067932465361505
3.9879549157882757 -3.816620093501031 -0.2675847776848894
-2.77366316883107 2.8787095005799674 104.88247634609856
1.2351292645952032 0.011198851890848793 -0.5462418470356767
1.757480683319982 3.785517288620783 0.10328717343636401
-1.223903912982597 -1.1850067386334473 2.2071592375274274
0.05750443657203519 3.6429163944366056 4.315088501886113
-1.992031715443674 1.8635072949633145 62.06724098574729
-3.6506006567918226 3.212453256543622 160.85265187030416
-0.6094308349691735 0.221653306267525 7.552441072903696
0.07091418161397112 -3.9995018963810915 -0.2009227948814935
-1.136402893466725 -1.6594158686099059 1.0365580267055297
-0.05421029427027246 -4.770917205559097 -0.1773266943330946
-2.4541875005919733 -3.677076791303132 0.5663503205586458
-3.767864293706121 3.232881180672292 170.40770828854204
-2.2282870820414216 -3.1019347365788197 0.7651929824138998
-4.5600024421527525 -0.4452892169476197 70.57545536195732
-1.493797406093723 -4.184441092528466 0.02998068816056456
3.2133250353694223 3.9701113431674884 -0.002196430907007576
-0.3987197409326573 0.4434223749100541 7.515716445284627
3.7581215690509406 -0.05493030274806188 -0.9027596503158258
2.3107984052120267 -2.064357805701852 -0.4404706870993483
0.46303763072381265 -3.285290025080875 -0.2538069714233964
1.0335538223792735 3.004192436368779 1.3569006012740703
-1.1225299372040833 -1.9621897356579812 0.6691773997965389
1.7903125932927235 3.31650827167765 0.14276982294705973
-1.9512906083929926 1.8880475290400698 60.072654452496174
-1.347222239121828 -0.19108290415351625 9.920191922029744
4.918688699253014 3.49155545040138 0.8816156287481562
0.242477696775671 3.1894671393823906 4.802389263565359
-2.7037661016977244 4.1118145391573115 35.41900874073087
2.469034559838769 3.5596363223162584 -0.019154556723593785
4.311727572412364 -1.2932721871786566 -0.5632038919434945
-3.6250536882545537 2.7287206691065515 187.38584930550155
-1.820971550182573 -4.438789478370685 0.07866227437103995
0.24176978564724116 -3.2465122482086683 -0.23396171805380464
0.5284053564755808 1.5381667113739086 3.549368307865425
-4.088841246702559 -1.218267857496632 20.928929443186984
-3.7245668882576255 1.7518596014781096 204.33593144650732
4.1636471573445455 4.885930767552454 0.08385686156381025
-2.116759468782843 -2.9439449850699626 0.792502854419982
1.060740314415125 -2.4848664880429916 -0.3506670268583063
3.175515312656156 0.25689133119055896 -0.9305751395682392
-3.325824870390006 3.898466247363384 69.64362581004826
3.827770906733564 1.1022639705915305 -0.4194806540383653
2.3681132759444 0.28021734868595516 -0.919558640838829
-2.323437585583715 2.86144170649977 76.13098976812535
-1.387378861965293 -2.9912717773166655 0.25602288407830487
1.3403616611568792 0.9133084644539489 0.05154803611559893
-0.8019489915126607 1.765937933349119 20.82339077179762
-2.2132602859423187 0.43139598916256094 45.11417761864796
1.147104531362766 -1.3041493300294915 -0.49265718153868016
3.7905007673549154 -1.2789652796807696 -0.5866090526780262
1.6716560235730347 -4.897549232792086 -0.21181907971600833
0.974069121193736 3.210777342965347 1.3700314661173
3.3588397728069346 1.6583545495286147 -0.10553147185732771
4.798814772976488 -2.6054890754371485 -0.34803680446314555
3.182920904800042 -3.237199348867091 -0.3101173043721883
0.14934652438966012 -4.523396554241373 -0.19346259521872428
-1.8151085603441972 2.3835179552147228 53.67776729111514
1.7727410480123584 1.3987041242660494 -0.023308593001757288
-3.7591251594284216 3.2585538750020273 166.83679824860818
0.4072713933233505 -4.526725149375245 -0.2048039934718457
1.3867588740788142 2.523112064266612 0.7088602545118349
-3.6065472035352695 -3.327225459809502 2.0334388485132266
-4.076446082161481 4.617094422670357 44.10768739252706
-0.4620805277427351 2.559778490533845 14.2618776758393
-2.9495060268225926 1.2794030429925787 121.67406063715273
2.7098652236323524 0.2043875060138305 -0.9338410532525876
3.6080963793236247 4.733937038754183 0.05489786071048716
1.1038483647116282 2.535005710496839 1.3183281666602233
-0.9159105808869636 -0.20635112044571713 6.095011759478009
-4.418046679240297 -4.085999382113055 1.9388328461605024
1.9921557972993291 -4.929800676564052 -0.2114212150999157
1.7313657007363883 4.12703956028829 0.09500790416825781
3.5434440637634204 4.2078831011183055 0.019003453854407343
-3.8895582104172455 -4.136463357607094 1.3282359217820976
-1.0960419277643352 -4.4474410887313764 -0.07142238455222735
4.187375980339942 2.3476680228186 0.23590040703299164
2.137835214682317 4.647360785378563 0.05710110360575346
3.8666464610452635 -1.407948088213029 -0.5568069383903583
0.557748730425204 1.6881049039513218 3.459764224375252
0.12367428162038419 4.274053430705232 1.8844822556927672
3.4323748025448033 -4.42303433779516 -0.23455641561614177
1.742921028758011 -4.59527132300561 -0.22505537460723796
3.932246036390911 3.263877832896153 0.04061627288717213
0.920601429479694 -4.801189308565828 -0.20853403723563055
1.487880287684451 1.5484367242612098 0.36061829166005394
1.5121995300964652 -1.220077954111447 -0.5619386414393542
2.451997174023467 1.5370849098831005 -0.1570503411066187
-3.958609116692723 4.063124006752885 83.3943705633346
3.751298010930107 1.5513904629763804 -0.1267517518620533
2.30815569241984 3.667758156734344 -0.007944152309699616
-3.2950371520651043 -0.9811617615983748 16.98293990318748
-2.9138492638488547 -2.162315688095704 3.5168099649589353
4.6619120477263305 -0.01780677843578804 -0.633523707318197
-3.4821297686446337 -2.5865065489645267 3.5286112066639856
-0.3179817908290028 -3.441989198835654 -0.1574831171774242
3.1709460301279453 -4.847168405028533 -0.21528419712450703
-0.44089052244618365 -3.9136604377711173 -0.14871983946339012
-2.811323498646152 1.6980840659863219 113.86619994647567
4.445162801938485 -1.4974232107041008 -0.5144014741691005
3.9862837197073446 -2.033134255802138 -0.44256133399919534
2.5334343874706153 -2.6298430199543334 -0.36798584338617835
0.935362700592278 4.63577050644866 0.35891280604501846
-3.1290398622452487 -3.0945042660688826 1.742027734244175
0.8114706683371651 -4.509258494208725 -0.21769182568909812
3.4147204603777777 -1.1478497476406768 -0.6210045939291279
3.1020371521899204 2.1181749039572226 0.019620880741139657
-1.0086866128509198 -0.4050474933005068 5.112036317700106
2.7074615406945357 1.7270526802943706 -0.07819722586359222
1.4974752585478788 -1.7469670590237696 -0.46893326748332326
1.6174534268371943 4.178864202613951 0.1264053455262813
-3.812078043365983 -3.4892201730943775 2.0553193206615603
-0.3000924097068216 -4.962198444495723 -0.16028818171264592
3.8815260443357342 4.835497010981159 0.066346416642389
4.831460934448543 -4.864124378320533 -0.20952943072649954
-0.579352032741963 4.985390749979626 1.90064613400391
4.77634104346526 0.2672649140886083 -0.40592890239818674
2.8396600785662764 1.8261943328419283 -0.044278560360874436
-2.5650124188789967 4.308438933039849 25.00276806103643
4.270511147937469 1.58589185662456 0.11884556050624238
0.30919658896035784 -3.1258508570350187 -0.24463700637682406
0.008086517583462793 2.6288727689948885 7.921128517455933
-2.3194781039085766 -0.8417381885181037 9.9430972958768
2.5255807662828014 2.9576326325060798 0.00857388175196928
1.6334966966172102 -0.24109715409279442 -0.7755356736131652
4.0444373225437715 -3.90118025437032 -0.2621942437529908
-2.302440329956937 4.034620032548236 29.132806808414227
-4.926671094607355 -4.375233419826442 2.138561865844326
4.619879060051492 -1.4745268377977983 -0.5022835674911307
-0.9713120718861381 2.234067419770361 24.897638254932186
-2.0635484097036496 -1.042783319985455 6.219701909260947
-3.1909995916441325 1.6874394424339894 146.67234683656218
4.026031579774273 -0.14883388443327394 -0.8608894233296608
-3.786724432019967 -4.004374793420636 1.3627058470033742
-4.105662794085322 1.686739256038555 254.58815795404544
4.378261298758208 -2.0217297099606646 -0.4344734516453612
0.7754760596260644 -0.2017770324063859 -0.1532212909635525
2.272140203201256 -2.001988753542859 -0.44976468022786753
4.570328786707924 -1.311885542670744 -0.535457548151001
4.903128183901712 0.11603866501753224 -0.3533330377511628
-1.6920135369977918 -0.9256334759149372 5.14146100364062
-1.8442055472029582 -2.039812618940089 1.5476966402299472
-0.12481401248727586 -3.345483063861078 -0.18610353545753378
-4.993476205368927 -0.5547403008064125 76.8338793750651
3.05975238102652 0.4817789309121965 -0.8783977503859719
-0.892085587101862 -2.1619315367417977 0.3131572627049402
3.9206559332845927 -0.25475917199247533 -0.8510178162702506
-3.70123180025387 -4.179131013471834 1.126664108643624
-1.1498647333381138 0.8766721584371853 24.941209791262956
4.409418966419906 1.921994277085556 0.37712758296464094
-0.46410316716900013 4.28365778514301 3.8936212084359916
2.771638233615713 3.5580893879791695 -0.024006447839243484
3.0841064564058893 -0.962653476700619 -0.669353155497236
-4.397851007938254 2.0953227956499143 299.53153465295895
-0.05261933645796102 1.6275129453165196 8.545675441821743
1.0923216024377504 3.927833668939984 0.5507551142669106
4.982600248681212 -0.0753286894491243 -0.36986177045165747
0.8225282566414069 2.914736694345934 2.108884527943203
-3.4595311222523506 -2.83141583374231 2.7908084487903024
-0.7473713367866548 -1.9744914599981875 0.30469417731770315
-4.687051551868148 -2.277381859078748 9.717418429882333
1.4639633876426084 4.840808144681214 0.13262323555570377
-4.632469503246453 -0.46660786570998614 71.36587033532088
-1.08445006495585 -2.6496725663150866 0.21707641484692058
-1.1366606908204568 -0.5662383066877394 4.7035891380792485
3.7755540543161956 4.607973797647434 0.051747488892181205
-0.02425681102728028 -2.9383062299597915 -0.1981338306415801
3.2256369851052575 3.489342983590518 -0.024770153561039978
-0.2547456728739208 -2.5622823451886267 -0.12252865520220421
-0.5534265042561586 1.8849833576908726 15.916305970669521
0.34378785960983205 -2.0865300713062873 -0.2656341193687082
4.308534788448302 -1.4214991410569389 -0.5378285860579736
4.174067899186703 1.6211376026656064 0.06560170544491103
4.726969273855653 -4.601364538292029 -0.2214283366343064
4.48112780920251 -2.9736613177015347 -0.32540691071088024
3.4818676762896725 -0.20329814858648287 -0.8821982168629119
-3.345378469374035 -0.1915119157394809 48.14164384380628
1.0590490649805249 -0.09924761583211428 -0.4241157417001693
-2.0851555143181133 -2.6590480229617963 1.0247823989494926
-1.0712332438933414 -2.7063430145597223 0.1890163745920018
-0.26254382774414076 4.173063734889414 3.521445995484494
3.76201726490258 -1.9705884332347545 -0.454449148062677
-3.05548262249576 1.8347945650849287 134.40890924268226
-3.1163565469447265 -1.6230824931005827 7.15979397903739
-0.5425418090882497 4.2110785822646015 4.662328020097867
2.8385119749109 1.013871497668898 -0.5342653085831952
2.863626267475329 4.373781768590627 0.02920307699076984
2.930925152472666 0.87497743902588 -0.6439411481422694
-4.560497511857026 3.602122675768051 196.94490271414188
2.3184869217664996 -3.7519798746104516 -0.2723522303991276
-0.921386308737322 1.6292246613273242 23.481172940844846
-4.339668614511517 4.702419860921804 45.87184609256929
-0.7531525136544417 3.928669760594307 8.318779227023615
-0.28272772550244873 -0.249003931229419 2.3910232442511465
-0.2992239986904117 3.77280821378052 5.944878936355963
-1.0525638325830613 -2.1345389934484302 0.4615663136158133
-2.5988121915039777 -4.425149448551294 0.3387320997715791
1.5682954600720826 0.7471026443427773 -0.3995627657634741
-0.778351430613446 -4.127845176564602 -0.10648176846421895
-0.19444070354015874 -3.028910074756869 -0.1677660465739749
0.615996523205709 3.9625156244468833 1.2978702865035279
0.416636678145311 -0.11361569990751974 0.5830779019433554
-1.1649300771208249 -3.2613815192679 0.07946736103083583
-3.805123918414991 -4.758656951048516 0.803821776323202
1.3385298688996619 2.384720218700349 0.7985127272250292
-0.36849038035490267 1.8549907312249854 12.83863960641347
-3.2040280525928644 -2.5556993758998336 2.984837020740037
-4.186206720972984 -4.488727322632096 1.2645705169767398
0.3677556197271201 -0.5455564900835732 0.13428912993914768
0.33692290008423864 4.342161746107552 1.281310933513808
-2.8018700160003194 -3.192867087267434 1.2233417542958132
0.25222604676839566 0.9248001155535759 4.423328422507335
-4.096027336936395 1.8835110870657923 253.51634834275706
3.679158231735654 4.930993155046231 0.06541638470818192
-4.051237687377326 -2.6288049216174336 4.901998024566165
4.301837105237546 1.2020696657117105 -0.10972181212135018
-0.06002040643336137 3.8843887390575524 3.8695440535833177
-0.19303286574604428 -4.239083119268896 -0.17582267530891865
-0.36448176727812864 2.0489208766360933 12.822716411305455
4.823388091001853 -2.693507585288782 -0.33882721543745875
-2.89796332030798 4.174722895102677 37.399042726528215
4.165261458605579 0.38070902894172054 -0.8004020965440191
-2.041809556621411 -2.688246119712571 0.9486963253721885
-4.119349126018339 -3.1316698625044315 3.3328236981118957
-3.465461967586141 0.7135641715172136 136.41504280121285
-1.4036537845613006 4.651124337741097 6.378974395934871
2.17142632819756 -3.6363760145235844 -0.27978166440561514
-3.1158704668606862 -3.063977302068106 1.770695274234806
-0.09537394619727735 4.51572928966903 1.873315879639029
2.444645523305976 0.48221045683870756 -0.8720227344903063
0.6577445419359549 2.847936954596186 2.8759750476783115
4.289683099593988 1.3514364382150754 -0.006419504790724552
3.167550633375063 -2.2584045226346183 -0.41358472819414965
4.702428685158802 -2.940679979647661 -0.32237609146516694
4.432728574433527 -4.968689120154066 -0.20851390565492794
-2.404215363947565 2.594291503822488 84.2789935552413
-4.289094081700608 0.27549880010106964 148.87372893739132
4.65754832228982 -0.5513006471721216 -0.6432870349915362
4.468321209945229 -4.528743016962854 -0.2269303969179073
1.4979066679621047 0.6318926486885035 -0.4310981550345321
4.502454723908755 -2.5366995461074238 -0.36691388820678444
-0.026278154994955116 -4.9485443415987875 -0.17527925084284549
-2.9995958541074152 1.1708430031589803 123.30775814416772
-4.257236565745036 4.190813272473887 83.97800741504734
0.5394104369786836 -2.572975892255803 -0.2925354345884413
-4.126757920394213 3.8155102319675134 123.62942202996302
0.7153866449200894 -3.4818319027132594 -0.26133169820953905
0.19570076206232478 -4.653411302001118 -0.19231833404756005
3.47159553107711 4.738997156125313 0.0538518537962267
-2.363314833258796 -4.149136343009139 0.32588519166159613
2.006902810500418 -4.238689089345944 -0.24335690734279275
-1.8059236059738195 1.6309087599371779 53.128375526189444
-1.106159890262469 -2.589741004373617 0.2539097102213562
1.836699578314569 0.31280125260883196 -0.8222689924976214
-4.446869599406059 1.8979959917415172 307.5083591199759
1.1781404206798527 2.0277715549621798 1.10701550274336
1.0168083183172953 4.131357875264852 0.515263857535731
-4.117886091869528 -4.8969974642916725 0.9161913388918648
1.470905298004313 3.907976713365734 0.22825383430354734
-4.506057513324794 -0.00655820300335197 120.18383210554018
-4.042864149881071 -3.4719179217461837 2.422176443200773
1.824574301078715 3.03351914530994 0.16833433659785677
-4.516910191605982 4.786865713353706 45.45784397703414
-1.7811570739181959 -1.3627981484515717 3.219290474069963
1.7740855464882976 -4.781993854705203 -0.21699130446297757
-3.2638472296095022 -4.182271092633101 0.799651527684815
1.8561994420985508 -0.8667740570074436 -0.6736660865480866
4.814974185109763 0.34475672364090926 -0.29781575550238265
4.604608713047607 0.7265112504804874 -0.225505854817077
-3.8852730252074528 -3.129658674991489 2.880493394121057
-2.0189490157365664 2.7450755402252316 61.57895987571225
-4.686063315307077 0.08690237612022056 148.24058414132716
0.3139277757934096 2.140944136042645 5.227902336538224
1.3347496055687476 -0.2981564213235508 -0.6567919390198196
-3.434070070401404 -3.450084364022261 1.6270845494405066
4.07145012873284 -1.3348552742917175 -0.5670406504219715
1.45083212606285 0.4947882831711494 -0.49282887052502633
0.23799633885722482 -1.089225987196154 -0.06028548171467066
0.7588113795671161 -3.057729617887819 -0.287502250581075
-0.2626976972518218 -1.2660926982046616 0.32267955817992994
2.4472241391798963 -3.572764953631724 -0.284553793997998
0.5750211286440976 2.5676885365365845 3.4572991946337632
-4.266118464130324 3.0754890072849257 245.84736083628138
3.751111968733907 1.9359275689421862 0.017756284879307926
-1.2969172601330357 4.766770292679956 5.0240881122933185
4.849653626153454 -2.9768990931230976 -0.31407192091145775
-4.739427613588455 -0.7647034416622578 51.710602594310714
-4.383549560764598 3.6216166097642066 175.68424286082015
-2.917716296243823 -0.9204904204107764 14.139467507984861
-1.2787961294876093 3.1596356679326174 28.372327880731763
-0.30757392265619377 -0.2937426259452902 2.3153796744148956
0.7087567505554384 0.6689177233482475 1.3109214150571473
0.6826396741012353 -0.15755428872481403 0.016257764417265046
4.40346307269775 1.1527223234669464 -0.05484220430741815
0.37029805033052376 -0.5175979144670508 0.15574666138216317
-4.559753542092856 -0.10900883259516636 108.75530838654612
3.015602076788216 -4.5869142083081975 -0.22675419794323473
-4.98925529463457 0.3657830715622632 236.88345420610867
-2.4074802365535986 1.3223348873120297 83.43860945266594
2.4258678493877746 0.36958511291783314 -0.9059363477585483
-1.8464231793973642 2.5548657707945317 54.68510382785402
-1.3197298547615577 -2.7146522442512766 0.33186669813399533
2.72091886990654 4.571871664847562 0.043123003963862344
3.4303671943374052 -2.948157158016038 -0.3354779510660611
-2.2240629409973445 4.6353683906450875 12.836328050847884
2.9719469229628945 4.779542006775619 0.055329658510203245
3.0461268589313146 4.418890928142572 0.03250166463729962
-2.6412659694956186 4.910250179442938 12.45292682195657
4.4001582423203995 -0.1265210172133724 -0.7748057523423487
0.7087429453326664 -2.2813654057306696 -0.3308450222849079
2.5275410513281997 4.709719820203729 0.05222464159767163
-2.92673525901718 1.2603423222541092 119.45692207799995
4.947707084819674 3.383304376108212 1.0294643415310787
3.468469986547971 -3.5958903563825517 -0.282984939574851
1.519236490140237 2.8850949710013936 0.4636598072187723
1.9367798470695003 2.080572412252133 0.14200741904828582
3.297769033836298 4.441197018674428 0.03427667154609988
2.835672539147734 -2.3826479721273897 -0.39734709914364
-4.159688972615739 -3.122660616013265 3.4414889304979246
1.1384530740116734 0.45045431774706657 -0.12776647878648772
-3.5459322645288713 -3.6526454523225094 1.5017891184538372
1.3161885324913776 -2.012979053276659 -0.4192655566106293
-0.10608294934648743 -2.894145462624773 -0.18123958459764622
-3.5803325294905686 4.11506361538191 62.48231546654069
4.921722870703961 -4.91628977349242 -0.20648416978196535
-2.173849887530206 0.2718773243262751 36.94707633345905
-4.824409044837111 3.8518264286030934 172.23585563366913
-0.8371539186677124 4.015052047244163 8.185847385992409
3.044548695097504 -0.7151090953792405 -0.7391704394079385
3.255571813802474 -4.23635934719522 -0.24411547128861782
1.8943846614139765 -3.7253382885625697 -0.27290906970530115
-4.590118941384591 0.03491227875400593 132.29908986632762
-3.7498258291117192 -2.8513565362316484 3.3359576113932903
-3.359615860140268 1.1941065787457728 156.56515334829052
1.6339284246070749 0.3526574253127759 -0.7154783351172241
1.7947091856989559 0.7078510319646725 -0.5974687230392931
-4.158597083913605 2.7179436591138506 255.8390416199759
-3.6554110909770166 1.0690624990318645 182.00358794787542
4.0964121654462105 -1.9251525943604642 -0.4572087379152976
-0.9577200045390981 -2.5337252049189853 0.18827091315885633
4.496149229882867 4.863626024996524 0.1245329957924359
-4.064346161462657 2.5724601963421136 246.439093526545
-0.7897144752917118 4.858105626913634 2.7476306147269747
4.6196827877614215 -2.209778888273053 -0.39901197427282914
3.7180593962597133 -4.668488036964256 -0.22290496821647574
-2.258076346647002 3.558563886748285 48.04794303341416
-3.748919434921026 0.5534285328766906 143.43394887711924
2.677182581942831 3.100990568400423 -0.007768562780785009
-0.6758738995676383 -3.965643944807451 -0.11627506183391206
-1.8695001453693427 4.490565545586492 11.63626431234922
0.7453221258338214 -2.5846080078338263 -0.3159584038191902
-3.621252355533252 0.5523215011963458 132.6973299897133
-3.8912194502879425 -1.2172866893351832 18.647539505885614
1.6635733955329624 1.0008570781655388 -0.25468397465827525
-4.776580787998337 4.4079404153429085 83.87734427581638
-1.8995200734204767 -0.804466526063008 7.305904039005989
-1.6462738860780455 3.2266719858740913 37.982168878821206
4.780844704547947 -4.3354868623431795 -0.23275971177890142
-3.4442961490562984 -2.189502231634007 4.99916445943321
4.533487242540756 -3.3941922498443153 -0.29125763211366495
3.6467696515354415 0.9608036033687988 -0.5611065800656411
2.927559422616164 -3.6322380241165297 -0.28052687936069004
-4.863088587816429 -4.164441814630241 2.38107205585834
-2.4694858897139413 2.0416728950311347 89.50016703880638
3.641571936507411 4.273315174890323 0.026168188317889227
0.11052962779101883 4.157526029464174 2.2135678396126286
-3.2522385711459467 0.6167316684287929 111.03786113572393
-2.415545459906785 -1.577390893664897 4.423990448079182
3.403956953775399 4.845184720873368 0.05909891299902827
0.05651519310627329 1.9592056983672537 7.49800076919569
3.806758268011322 1.4760186504903494 -0.15799672230021347
-3.2198128227983203 -2.7617337290766155 2.5015460892025367
-3.937850181603626 -0.37973243717132377 54.232932386315916
-3.8196816968966996 1.738105917778153 216.1235255887316
-1.0902046089331687 2.0471628251571676 27.99729485288659
-4.9571235969438865 -0.7340589342863959 60.12074349576643
-4.235978572019622 3.7240411783928877 145.5380002208281
-3.9113410193785123 4.845154645967121 30.268295054083787
-1.006834796421352 -1.0161284703703277 2.123777362092702
-1.1115421035614679 -1.550013911683621 1.1616984094433156
-0.41141471269197716 3.7369290825182038 7.072650060056769
3.6018842468739276 -0.5423649595139999 -0.7875339938893957
-4.231034034290396 0.06775074963170535 113.27389884944758
1.5356335875297678 -1.1260014005550922 -0.583149308975414
-0.3766511765488172 -4.69795105790218 -0.1574521272973147
-3.4474925269052448 -0.6026871787036514 30.148799856120007
1.0170438982389518 -3.255996715614855 -0.2885872404747011
-4.650422218643433 -0.7364204865614834 51.11558812637339
4.226942471416756 -2.668677632794263 -0.3591540086948944
-3.7305740855893186 -3.2937918887869087 2.27461470548231
4.037704848984786 4.039060405017214 0.04552797980137297
-3.7561797464206084 2.614204834073681 205.46416893623217
0.0030731405667765443 1.9327797697575892 8.052014617883858
-0.9095795147054417 -2.0055903326718907 0.42332414542192426
2.174559439004006 1.1166711694619638 -0.40838291551518663
-2.107887110656103 -4.897113416171466 0.08628240338169968
-1.529421586748696 -2.177865358615274 0.9128856871548604
0.19862209222831684 4.969308750392576 0.7665588085144139
-3.147933351569395 3.1579578818441014 121.07771829019788
-4.939290959486526 1.7337800892933863 397.0317791709477
2.5156719403676044 0.6311395675061213 -0.804450923562572
1.0274650440035158 -1.4593057951387456 -0.45088022111064957
-0.01975189867317706 1.309708122923655 7.823889353799315
-2.2594363770635386 4.582510361202072 14.088539050063492
-4.8212756747664205 0.9469849502563168 332.64592418351117
-3.532270514569399 -1.1572139611618306 16.030272274248528
0.5648823843372162 -2.7012773844802993 -0.28977753625922764
-4.6648282217673165 2.26601849467456 345.01253306333336
-1.2086781191660512 1.1693652881223349 29.53837807129095
-4.009526510009639 -1.45432568434852 15.291720062164307
1.0567101626589457 -0.22476932894947677 -0.46520939337044964
-4.049874246260713 -0.5473787656013487 46.61523999565534
-0.45812676118888707 -4.453277104249355 -0.1511087277244654
0.9086813501400854 0.549709362352802 0.47610951169196153
4.329410706491517 -2.767538964394669 -0.3474249663231554
-0.35555115358865574 -0.9572810938140979 0.7951455202786424
-2.748115613653168 4.853738044637096 14.363035772438709
1.93743794497336 4.179994303649959 0.05332936206395378
0.46341212257716435 2.360898186706927 4.170724023003402
-0.29312990327111965 -1.1027381461636843 0.5127754455063283
-1.0328319669697161 0.7980138749567045 21.181970886833582
-3.6803199660094963 4.703016398132851 31.472291059432916
2.007908839948228 3.4266619308625685 0.04382086913261103
-3.836730648531803 3.704745720246523 118.42051457641105
2.1867126863681907 -0.4181126873917034 -0.8164615750383815
2.539574185900788 3.970272181284839 -0.0004742815512276151
-1.4236659512417429 -2.7072576595960673 0.40468878750244214
-0.9653869860431739 3.1702093296104668 20.80702188870158
1.4402846918249947 3.5172632009605067 0.36205002719553975
3.1530958514534966 -2.8820231450438305 -0.34187199650867617
4.45183721379388 -4.092013635856995 -0.24879827123635592
0.6630912686980235 -2.382266846015204 -0.3186649103441982
-0.7192105853035846 2.727916000545255 18.635867181741375
-3.946577350296744 -3.028051285542327 3.2589423642641013
-4.478906573053051 2.985541824250233 285.89185893391385
1.286373677008127 -3.363630916070348 -0.2897627112048963
3.9290687890003504 -3.6120899966774314 -0.2811677854030771
2.098343969852186 2.0134424675597673 0.06872875906324702
1.241462360940635 -2.1993383398586075 -0.39190679194565037
1.7460013285484246 -1.6054413469146778 -0.5062235809546326
2.893288181616164 1.8000037908758983 -0.05277733038610457
3.3392686520072115 0.6714392748739346 -0.7841190095651499
2.010919665571077 -0.6610655574577962 -0.7390986515261265
-4.005315437523457 -3.1766288339403026 2.9924721801082
2.707532626126323 -4.3248805629935205 -0.23950136615866197
-1.6834342217318508 -3.7633063179843793 0.1603535083196999
-1.214667298840415 1.4472163498794064 31.04491619120563
4.52351885279977 1.2221034100004786 0.14910655809525278
-1.6691840468141104 2.80040312397274 45.67415684552749
1.4451200788036687 -1.0475372503143077 -0.5861000636644792
3.0643468126052014 3.8354433404267727 -0.011818518376678279
0.8118604217803513 -3.4038196271282564 -0.270408633049088
-2.6463508489947096 1.8175550926434898 101.58325091060685
-3.22648235463744 0.8323838226273228 126.0702686164886
4.789600865001468 -3.910322411778655 -0.25427439873928676
0.9944154566985928 2.118447703279318 1.6375600574456524
-3.1748852073948006 3.0713575899346193 128.45332035101455
0.8196502619129085 -2.660352786172382 -0.31781614663874136
-4.756069198919954 -3.803695777148204 2.892590808073585
1.9390801270975224 -0.5428168001440987 -0.7654821164962993
-2.046083449505792 0.5833503331167211 45.38650226693691
4.1157357460862976 3.460099562908365 0.08160846103623431
1.9447234662652102 -1.3719824166433972 -0.5596878881059975
-1.413524850395369 4.926460179578836 4.615303098331657
1.4948605589150201 3.8211422329936813 0.23166066635971358
-2.4112728566103847 -4.55432148592403 0.23383305290972528
-4.132485195704775 3.998821708840522 99.68263019862985
0.05775530485569025 0.7707215643894187 5.380447311229073
0.4261689098178598 1.5148221346009771 4.186268337473849
0.6735335035316918 3.0924662021276443 2.5561867009759234
2.4918016345824965 2.5737715736056 0.04110413929963984
-4.623335597386927 1.3673448000492083 332.1452109201329
-3.332573155849011 -4.671072413628207 0.5849647334708684
4.559355355361655 -0.2405540444437717 -0.7066939820568955
3.1193791940837485 -2.3489132688410788 -0.4016497803053501
4.88609449204381 -1.3286653046806518 -0.4829846275381151
-1.7827035716158948 -1.8754125729752191 1.749920349153442
-3.817666194878555 0.10405452759055933 93.32195752443685
-1.1355466830906336 -4.643892700425863 -0.07479257447026556
4.896479164346655 3.6259881285527182 0.7389743570177123
2.9310631808153795 -0.6447511095116525 -0.7598158506225584
1.5316373845500522 -2.3562445915663766 -0.388148900790523
-0.31389247600656844 -3.344896081100819 -0.15552633495071233
-3.971245276098635 -4.265735768790758 1.2798857156038776
0.8762580028256393 -1.696974570739079 -0.3992961910767316
-1.4836157212007395 3.656901180502544 23.023000537963735
3.965265271173081 -3.260122289203756 -0.30713066793213967
-1.2461477728539916 -3.4712318353663028 0.06682631961098343
2.6595849015087056 2.524630395108808 0.03785086895733924
3.6670050132634344 -2.940754465358454 -0.33590675965806094
3.1118093489204686 -2.395183797450786 -0.395770086055669
-0.4598920191573441 0.6673457845507249 10.106488714711107
-4.585236602008865 3.061151984998249 293.78031863661863
-4.493917252013722 -0.30389505036362685 81.75820893554919
-2.870544762956506 -3.114447889201001 1.3903908998573629
3.12376859602505 1.0500390129237926 -0.5052752102698667
0.23065569286337428 -0.7083169561122098 0.18072555078859023
2.373820229715342 -1.8048459616910426 -0.4825988512864372
-4.731822936731087 -0.03322106447441975 131.0049239866
-1.1760372032173114 1.6934279434930577 30.29372063793496
-2.9956790783519827 -1.3587309982145115 8.843047733995226
1.0371248968245341 1.6453549020476013 1.3691800688096962
-3.475037626880834 1.9521414638931862 175.76952699220817
-0.7880280529346475 -3.083364114906547 -0.019398905152183475
-2.891363519508614 0.10080020351148455 51.42020161992261
-4.152962676673777 4.867700399052801 33.78222806652879
2.1179022500013955 -2.8634811714507524 -0.34262492546622053
-1.8735682856769484 0.13255885887982455 24.521447706931067
-3.475975158385757 -3.7335342100921896 1.3388656030469699
-4.463516897806256 -3.4943075353707655 3.077821177470442
-4.445066077633387 4.630009431877209 53.16135877656205
3.457473108920375 -3.1460980607256817 -0.3176883323341203
-2.410647816144469 0.8972158226122309 74.03419148027879
0.33948827055700725 -4.547573763015008 -0.20147416839364274
-4.525510444780322 -2.2670117260249123 8.979218789346815
-2.0072101331667627 -2.2952562987919922 1.3854640214700886
-3.0132415913474517 1.2462316147706183 126.30649214786773
3.5468877822145792 0.5145623964396995 -0.8594300483742788
2.509407225620568 3.2076185852433508 -0.011605867948972112
-3.1319060113507713 -4.378508954897896 0.6121751662444151
-3.467813850596353 -0.0833748818326221 59.769969530667154
2.5022387023270687 -0.639419453701616 -0.7603396393565194
4.999714806246793 4.994543330479559 0.24256693356443854
-0.8294072034434379 -3.755765717788476 -0.07813533468266902
4.817375586155233 -0.6711026156648083 -0.5729473441194656
-0.10228796815015606 4.2085290874377606 2.757587971851143
-3.928281849785348 4.183926771801103 70.37213619831105
3.062412202901619 1.265660252215481 -0.3384019335315606
4.336869687482068 2.6517705638797873 0.343811522306403
-2.7745664660842806 4.40210753388579 25.714349135809126
2.608619184463148 -1.0537561599484357 -0.6449628399698503
-0.07779342985787707 -2.5207056294287167 -0.17071015563519712
-1.184415096926108 2.644599386839962 30.167873767623433
0.35186044591082677 -0.4318464616486999 0.27105021888295905
-2.2961251321958223 -4.752813125304026 0.1572239933603675
3.4415841510708667 2.4414175049354387 0.04207230408096699
-0.0033204156647039795 3.9962792079147373 3.143269691734962
-4.730024426939083 0.16339913053544297 166.08177410778933
4.499663139454967 -1.9140036189161567 -0.44419851807513067
4.396614969788924 -3.2528507776006377 -0.30390821913098004
1.9250411276973898 1.8443983065560579 0.09476027726577602
3.527553792697132 -0.7657075118197056 -0.72335639570334
-1.9161193467648898 0.9043480522779781 50.43186263765368
-1.40343489493582 1.9552959809439043 37.588572074237824
-3.3450063975208777 4.67489317659712 26.53525312305681
4.610663959388933 4.66242017415215 0.16037403709880635
0.5782433002272844 4.783848590997499 0.5465301002776267
-0.7707987954751037 3.4482664198466146 14.01582987280997
2.005857356179477 -4.840094033114152 -0.21513780522030446
-1.7353335988650098 2.605642237331921 49.64615938870816
-0.8554359938577161 0.38718748951251314 12.270369044977599
4.910174253285637 3.1314020195777488 1.1328149283160702
3.5658926507154423 4.972806551249679 0.06592116322864401
2.0546961001889263 -1.451577018074782 -0.5460768046234955
-1.7122988690450902 -3.097681717775569 0.39759932438405765
-4.14085356012934 2.0231704665299475 260.0207271082098
-3.5600916073297864 -2.8538794597720694 2.9327643696210335
0.45070505602845934 2.332574420896762 4.255381992181776
2.3949336543864197 0.8744568738747072 -0.6327917603827022
0.6828449991540877 1.118743861885184 2.2683538202709452
-2.469978109925516 3.582309887537189 55.00562769203152
-0.6113788995493401 1.7302026103443886 16.922799485340658
-4.701957665808948 3.4866916705378976 236.37610478352423
2.157084860017963 3.67344227114007 0.007667119435259323
2.2630344717530706 -3.122264562570315 -0.3193794503801564
1.6688943876067261 2.356242903365345 0.3510739469822629
-4.781123264494219 -4.308665265541003 2.0594401195960375
-1.9228643421122484 4.620408837172176 10.322939444496344
-4.183472457014757 -4.612989039379397 1.1595472519783625
0.11605842997021387 1.1978750571219425 6.253515123879489
-2.6527062210163574 -2.513051159575528 2.021819695878357
4.17214396789023 -4.464873699968663 -0.2314580021193046
-4.555711071001416 -3.8455621343360322 2.500937632934125
-2.367784742447858 1.196100739420432 79.30098003024244
2.366024295800191 4.845100085192595 0.06088112108396923
1.5342799822160336 3.2273303493221164 0.3586062861660397
-4.454419269031571 2.3903800304761216 308.1070735142119
4.017942578283234 -1.9689477991459792 -0.45185408754458006
-1.1672804970940867 -0.5781850801064259 4.786565622261477
-4.870983167727511 4.429212375118347 85.66174076709943
1.828482059387424 3.583122357786042 0.09205513747423935
3.41658298566618 -0.46273496309161644 -0.8128073444360633
-2.7270433485767787 1.9574619881513025 107.56851411839979
3.468928749439952 2.6058312749518713 0.037621253783132476
0.8867412734422224 -0.07935249042144132 -0.21524756468793885
4.381444206647572 3.4200697023389495 0.234312807585203
0.7860795217073875 -4.5764693632801965 -0.21446324792415247
-0.48752565160920014 -3.970218691523616 -0.14349217004095732
-1.2862749413393235 -3.403675594805465 0.09429815175847077
4.3856019146556555 2.391935711783539 0.40596455202559223
0.6380121458588475 3.1129638621760254 2.688800942661636
-1.9301532274019548 4.709734776745494 9.295041967171057
1.913147031722648 4.353476023055038 0.061980686166405986
-2.8591964665712566 -0.49068417250309526 23.503221585397608
-4.177531936508716 -0.14009888197867326 84.77930443933403
-3.488555587645571 -4.883654797300271 0.5721708106357181
1.3933517354073386 2.496395707694771 0.6996606027208494
1.6388048471815715 0.4590401528696866 -0.6670468791418598
-0.09453471052599305 4.045463401676182 3.337543669070528
1.2982849648582278 -4.73117193251176 -0.2161947606676458
1.6003655980009288 -3.7677024997012376 -0.26809374727156815
0.9680492447514597 2.317733596964425 1.7394138696226185
0.27247540706571005 -4.843689176522327 -0.19031546121372944
-1.0564487639304412 3.574295198352516 16.7492583060095
3.43072417244357 4.793803653698562 0.05657651328409708
2.3295434686043723 -3.5655924443588747 -0.28494582200721036
2.953122264315332 4.632053625441294 0.046817414370911484
1.9234543406906743 0.49899326958240486 -0.7826763628636679
-1.8364297462129855 -1.9679570002039792 1.6653952233295062
3.520885037117317 1.6831572411463132 -0.08921468400424436
0.39911989450192475 -2.3733991483959835 -0.27676385991669356
-4.5039657143347895 3.105453503574193 275.86868689222024
-4.739330510057821 1.9197825269636777 358.74838591267013
-3.9831812989235904 -2.3854883731795953 5.86274710343833
-3.6345541008536184 1.6047489134386925 193.14885498685547
2.355974869667752 2.064480861141181 0.028878877552471767
0.020593315358452102 1.244238461136499 7.27680019359155
2.9846251734497375 2.4279627070093026 0.03835648373503856
3.238169036076492 -3.971162389344175 -0.25896622204570013
-4.091171196518721 2.112656443068884 252.86998905948744
1.5088892176683366 -1.3010899987536662 -0.5462015581194121
-0.46688465966762926 -4.153734986924843 -0.14853116729456112
-2.1243934193255143 -4.36975850083519 0.17911107743902188
-2.0015051772878434 0.5415539325530583 42.22910492338477
