-0.586982906287778 -0.354744639632692
0.1914713954866578 0.23680295259162837
-0.510952134773025 -0.33214823903642166
0.5094521558457354 1.0203802098458705
0.276435366780893 0.3818760612765446
0.6771996526347768 1.8955494709580534
0.652593719593866 1.7333757764662294
0.936332230938298 4.796157229771986
-0.8640372924891975 -0.2706564338377382
-0.08562607531924682 -0.07887249902920344
-0.04066876971404709 -0.03907945612821454
0.5694294926807144 1.2774146450908233
-0.3812649376912769 -0.2751780945434263
0.7099504618055101 2.1342687727604712
-0.3281280504624564 -0.24675218897461407
0.8775364348468069 3.8934234709204674
0.46126711964062195 0.8479605136382029
0.2610789009376002 0.35321257018530583
0.2856188335048222 0.3995958796203449
0.34462946846237386 0.524973377774457
