2.3787333825945076 -4.906496471003225 -8.302027962551326
4.1589523179284615 -4.33190842525187 6.474007337578582
2.9306435011355276 -4.941575529445688 -2.8512100380050334
2.1435458121385658 4.460554992635405 -0.3922967837509923
-4.127615586397741 -0.6714683992036026 15757.8568799451
-1.6301101323952718 3.0427966362169716 -2.7120413220063564
2.104650386808742 -0.4123799059130482 -3.7100242426592467
2.1461490873549725 -1.3701885634048825 -4.649078668340255
-4.332397536940031 -1.3357173994213554 17831.366943012876
-4.222469718510343 -1.1002814758451205 17769.382089798564
-0.16396410436090036 0.591769731620758 0.0035899407243915743
3.6967080352139714 3.3220140235370703 1.164114964141089
-2.7597392073293845 3.130549688395547 -242.28407957868748
-2.506214929374466 -3.4808056776491982 -1003.3180028366904
1.4524698508017808 3.2825419249076635 0.1275503099407985
-1.4028277913225362 -4.934664269885215 15.396288477711892
1.45897960597651 4.419057071874333 0.04138377699734336
-0.47881794959159674 4.242545012621937 0.0445443677799586
-4.068079070071268 2.6519733122866205 6140.173095771659
-0.273257078669392 -1.2701088897229438 0.04062748629465054
-4.3618004839827185 0.12613322517845393 13326.293662924174
0.30813810500853656 -3.6646615742764332 0.04911623452044463
-4.255772878809441 0.9762717556317044 11728.355750525956
0.10682531599671918 4.757676404214596 2.78261260290233e-05
4.370128094751692 0.2701309587437306 2.0488799479498816
4.63139985279404 -3.557499113514454 0.7214250691091937
-1.9093605792523594 2.133971762850262 -54.64315652948732
-3.322806988333209 -2.654294363024441 1424.9454683835281
1.9488469015358225 0.42008199968470983 -2.184512726057426
-4.502770253506726 0.8541964250835754 8337.889223129807
2.967280710389205 0.8555774082589807 -0.9795762000442123
-0.22829019856627308 4.516378799448512 0.0015141839846740939
4.205249087780947 -2.9229752612870397 5.116228411501541
-0.05917126422245822 1.6934255853460591 4.275495683351101e-05
4.329674395555855 0.3953247495424801 2.2534066306517793
0.5423515716947458 -2.2802791217686966 0.2303927660914882
4.03822687920794 -1.0752930208095748 4.749878168668392
1.1399095834948607 3.317788872542671 0.1981584138925895
-1.148741783295022 -1.7509722854547318 7.950409167077369
0.3396503456814868 0.6052391559809056 0.03448390653537313
1.6562613743206267 -0.32935839592623584 -0.42633729195297704
-4.259642210850086 3.075744851405549 5605.9577594453485
4.1326638960612065 1.176803851329681 2.7442112038451465
-3.9419336962835594 0.5463818668945724 9542.89873559608
4.955220812946164 -4.172409965257245 -1.4196334560945851
4.219907540252931 -4.5460187962050655 6.006198840308531
1.5723886175899988 -1.4630565846764156 -0.008316690766285672
-3.8904642601532693 4.064584536874028 1800.3971216012621
2.444362088701647 3.529177652707274 -1.2076625784029673
-0.30001507304311037 -0.20156266274771717 0.04906613292706075
-0.10718122017594922 -4.192092899226721 0.0013247575575707211
4.673661147052973 1.57780266150918 0.13109731138870961
-4.71696720129851 -0.3661138041876537 -287.0113945620656
-1.8338289340317915 2.5208457790061285 -29.844511117294353
4.504387744372297 -0.40014814942758026 1.320979882935994
-0.7722839066624694 -2.9483321741789403 2.579662661123885
2.032747314405662 0.6578996355084801 -2.5865516322512776
4.59092696785507 4.126183187052831 0.1154641906901988
2.8933830848550066 4.436371649961897 -0.19061408183877415
1.6851766305629443 3.8921683484342537 -0.12401101746126031
-2.3530408258024726 -3.9432938164183384 -830.0228830921006
-4.284234831346382 0.48975345643318047 13058.084538316332
3.9538688536437796 2.6241689797108414 1.915961328917111
-2.3890168021150684 3.8451598894164025 -114.8647046379872
4.357135720034385 2.169954991576999 1.277432678829136
1.0912653231017497 0.3525490175766315 0.5286597136430012
2.27993362747722 0.38515996091484084 -3.801720149305012
-2.6940912871249867 0.308699090678596 -618.7039731995235
-4.641752736597015 -4.890954156648226 7730.886699124051
2.156704216996922 -4.597340184050173 -7.102690893218805
1.525821504703205 3.5117279840901823 0.049315602684767625
0.7120686434293644 -2.286514328053432 0.4321008184958795
2.8444881493264678 3.798955449584504 -0.4869421193797062
2.3049227841568163 3.019106651113752 -1.648097841787401
0.7569382127429964 -0.9592706333570336 0.39774828523120664
4.863479144413196 -3.6560053840182825 -0.9760635434235728
-0.6091097157042338 -3.019096543617652 1.1438630879060212
-1.4094173024662804 0.40068349799676906 7.051212397053838
-2.378145824155978 0.06289972358819007 -481.27976813726235
-0.32132834195855153 4.861882408624107 0.001714350751739699
0.8482567064435269 4.001063521536578 0.0813098204931764
3.6833866420621515 3.2992402712728772 1.1590380092847696
-4.692018492996299 -1.7693260016948011 1584.8102778558102
1.8891638770616312 4.92978732491618 -0.027286775630870445
1.6428684522157226 1.2089619482522789 -0.2502577881936438
3.588690870139313 -1.3169171558908288 3.675481121807964
1.0436102729546715 -0.5644360562566888 0.6045571500154667
3.8445942878132993 3.261511442824096 1.3749513941110487
-2.6803028817229446 2.5117529522531123 -328.04235179533947
1.3597126268722102 -1.70841422801834 0.7093122873643554
4.379419824450778 0.6291575095326616 1.83616997450394
-4.114371860920194 -2.034925285821151 19322.232785844164
-2.338868187680838 2.0409368634239637 -266.6788948852536
-0.07702125635487178 -4.523697500662388 0.0003584327847168507
2.3119502097999405 0.07072703604503872 -4.109743548420378
4.471050192191999 -1.9197803586496431 2.0112198006021202
-4.277121568325905 -2.3835717285227256 21427.145325941146
2.0313691446829356 -0.9986472033246425 -3.5622344617735977
0.6890588997732658 4.83202729626924 0.009315055425203776
2.485254069545462 4.41252411161952 -0.470305179285116
2.2774571339878777 -4.293294236868476 -7.646736165233879
-3.328345008357739 0.8556287983070892 803.9219141034433
2.5765809573511387 1.490949587624021 -2.563496638248001
1.2533284348520137 2.652865234583767 0.281070702896143
-2.5517619804924205 4.9559870666265 -5.451990530136
2.141233085895059 0.471613538941166 -3.2826073646224767
3.110661852571347 1.9240814319171387 -0.1276788807324892
-3.592516447619205 3.5348412164013556 1133.3726402804032
3.048804002173762 0.09443326107815331 -0.6133308335738551
1.941373326542938 -2.594199175212102 -3.538807064623664
0.08960912346463168 -3.15585055221458 0.0004744125444301667
4.024908645891127 0.7912673120623657 3.3157984597631778
3.0389496496058115 2.890527186493176 -0.2919658517646999
-3.5033786858966254 0.300632790635154 2483.0658328633153
0.7835884375350011 1.5929825963164443 0.24224882309632795
-0.766301147389906 2.3711444980933045 0.831140523276601
-3.477663657883202 -2.655348697230604 3579.5404123698704
-3.1681926669551963 3.843264472907201 23.25848359685333
-4.943644120420262 1.3314374649223124 -10859.358038907092
1.3567838967256174 -0.45123161663282474 0.5800226560558714
-4.659889833156049 3.105411091868028 1116.6382961515956
4.616620938899413 -3.8810828432298514 0.900204999858095
0.8037799714142455 3.6718276472040507 0.09876782445915812
-3.1688454447985306 -1.5122655821854378 134.3276864394631
-1.1895762274980939 -1.030104425735204 7.825932372554747
-3.764606872506903 -1.5059745719302322 9059.194470880992
-1.2902432257221488 -4.072648460446202 14.02323816482433
-3.6591859327451512 4.525180070325272 471.04747657174056
1.2685650634743428 -1.2045980561852732 0.7376400011648591
-0.3968825840286083 1.0987630103077128 0.11148524437882915
3.230618242438478 0.10425812405308132 0.5824510826722992
-1.5352889723368435 3.6488764759327292 0.7767989378937674
3.3196736532185778 -3.028169556741659 1.9089417760556269
-0.893792653202591 -1.926269229370805 3.656206707572986
0.12359052856292241 -1.2474550795213468 0.0012558512295902146
-0.34952592916798864 -0.8873535507481076 0.10208680826589017
-4.689005782731187 4.4289608559850056 153.14226187850682
3.1209494587144846 0.7368630720399185 -0.11803664350156301
-4.299960877483716 3.504490968826591 4300.426253544027
-1.889965399035253 -4.1683937557974104 -156.5882890586776
-0.367240177488533 -1.5226700066461598 0.13748934097895021
0.21091292873126122 -1.5020199512127208 0.009680163462075482
-0.5790524608884837 -1.5869500344452603 0.7832352071917363
-2.9059966076926544 0.33363040036082836 -500.4032507105139
-0.8215455897446988 -4.780320571485911 3.9043661587405647
-0.34196008849122794 -1.2606845378346856 0.09954091854919073
-2.8398655521094818 3.4683395057958855 -184.7054135603427
2.344337328697553 -4.255918937937697 -7.761991950827162
4.374574946327934 -4.698284560101125 4.140422853709265
3.151841978777359 2.2621720234591516 0.03758221367298346
2.7382028700227847 1.6065362706014525 -1.8576241301926948
0.16339607088033414 0.551100017356422 0.0025763789443942076
-1.6949122525278626 1.978426643533295 -11.042775572937012
-2.971444643890041 2.434132861602195 -225.49322984745763
-2.259833090946736 0.9743347932172517 -301.1968592223873
-4.192084497384671 -1.106591755595022 17644.015921705755
-0.6663023594025006 2.777548898707332 0.4351623001617677
2.9032345933576362 -2.2445078253264783 -2.3515884040340285
-2.1301797693873805 -0.1898263838911447 -262.296946263217
-1.9436165392347329 1.411613589525345 -82.13811710803016
1.5939673385861859 1.9372411791956772 -0.05970785127932
1.2128089152858523 -2.0525578443789225 0.8503849240104125
0.16464258977936908 -3.795094919066533 0.005240407249422331
-0.9920498636987016 -0.33027617358513783 3.9629166202585533
-2.248391363647025 4.449274101448985 -39.98113250053696
3.037542493885896 -1.2919658271193812 -0.8828845130836663
2.7493393242548514 2.744168718416332 -1.2023881075673681
0.40758352014844146 -2.5435316838119326 0.10581900726992592
-0.2591065261376997 4.07691876221436 0.004826087557823116
1.6918019530565767 -1.2998879177735159 -0.7533734669359609
-2.11576652851712 2.391896757439767 -125.28008059541288
-4.88532334999133 -4.58361610065804 -20879.601059357807
-1.5980987420674477 -0.8074926318363946 -3.2848720739656407
1.656815687856506 -4.360088223407645 -0.7543100054478783
3.198267972637721 4.428121699971186 0.0433421700164886
2.3818187697144673 -3.4681281716465993 -7.093781502624946
4.31382801287916 -4.16207217196162 4.680926106867632
-0.9310382321014128 2.165434344271321 1.7117350580655306
2.719027867343293 -0.5388631150601277 -3.1672588103306367
-2.2627042330655778 -0.7377162374846815 -432.49491902492616
0.7564732126089959 -2.2522021255294957 0.48348925992353337
-1.062066622989284 0.4235608935608761 4.239457352576662
-2.4015200703531594 -0.7250568426211048 -582.2714457512236
4.500081263126022 4.162089817571282 0.20989754261214152
3.944168940922017 2.091809586040209 2.3475095419880074
-4.331099976686067 1.9089084349991108 8708.87131897095
-3.674684918274247 2.4981075363049836 2619.4241085095227
-4.8895930106483645 0.7282003059370652 -9548.935869379691
4.560134061483289 -0.1497771073314773 0.8792823334696113
3.3971713166660837 -4.768932799607807 3.329112268424103
1.7893008542342717 -3.0993860793799985 -1.979357813970219
4.068048851522464 3.355091323054749 1.2593348521841443
1.84169213323377 4.106373295464758 -0.28489130298421494
-4.786329805873844 -0.8152078282257733 -5216.861073585283
-3.543024290712683 -0.3721139749442459 3388.4590014496
-3.9926168845188945 0.9413907998444815 9526.417727490527
1.0596712827267627 0.672655733245672 0.4780454888758998
-0.33611360829794457 -4.674744884137251 0.1436416147445904
-0.04119857320946174 -2.099411253563189 2.1252748072887628e-05
3.9680385171984653 0.8351874837371396 3.350799533766017
-3.24005169585341 3.6213703320933206 118.26098583187164
-4.825727253059742 -2.9249046004037513 -11084.206201480889
-0.8857219740100959 0.5592206466719043 2.2750091803967845
0.32449639343700376 -0.380569072032956 0.03629234533175917
1.4835943818984614 4.598823529134124 0.023552002955277453
2.0561075066267867 -4.217133391486491 -5.77364807445058
-3.001056596119943 3.643290254014497 -104.24671391019207
-2.7072734877069315 3.7383284903965723 -166.2417412822134
-0.678700566509276 3.0491622442741786 0.40728083299146417
3.3913706734398303 3.0027378460700387 0.6653127300915538
1.3150443152912272 0.5517833491204573 0.5072842025178794
0.5922332612838463 4.414328208311435 0.02310677842168147
2.593951729738504 -0.6999812479120333 -4.069475213278266
3.3707491724819825 -2.436364808879482 2.2738178752830494
3.0623764848017867 -3.2980746558969374 -0.8848669243993719
-0.5914701376071214 1.6194206831862452 0.43397804151424335
-2.9787126520557496 4.427800330118419 -48.815359956026626
-1.19821298290646 2.3705082231105665 3.477793362901672
1.9861648663376128 1.4076620661260009 -1.9077372275460938
2.3183130347597682 2.901358956999016 -1.752595661928293
-4.4872255255761315 3.5335004299187354 3106.4406693596884
1.3747540862695038 2.0192927460342167 0.3040806692867825
1.6057836687249853 0.5274741321778622 -0.13449357607459664
-0.6937480311029374 -2.611225506647986 1.7142830812223255
4.557398973627482 3.6657197273103677 0.2325038491359948
3.8178149839914983 -1.998738848512179 5.45402897044155
-0.5865512399293564 2.5545878677001657 0.304618648140396
-2.428244006242184 -4.318832938154964 -991.0079871776417
-4.90700538363715 -3.438073920064708 -20819.77897059289
0.020104114588475497 -1.3630339046342046 1.0180764712045611e-06
2.26770523180706 -3.1985881560985385 -6.711941217980703
-0.15243834689729496 -4.751218358601332 0.005900348454397942
3.7403453304885925 1.1822734238319779 2.7880885570296114
-4.398054088480169 2.902850623653965 5456.87337698658
-4.668400735439555 1.2441114725185622 1866.8453910368792
0.9061770985423507 -2.279456965512927 0.6565208861611883
3.490404174425768 3.87312036148759 0.5207776124480176
1.5474544849353205 0.20419399027025076 0.0861768979944387
4.903816489757698 -4.04294133454615 -1.2066403622772408
-2.079554982659557 0.3885415852302021 -193.59461775113775
2.8602511149380945 4.933020319255064 -0.025707568441200916
-2.4381130098351567 2.524481526876828 -267.35077491020553
3.9320811650953864 0.6919688841232947 3.4790260490652933
2.572634683553499 -1.9641935376986899 -5.112946221039855
4.392794143587629 2.716998789515128 0.9159245596156642
-2.334756565575715 3.733045062328177 -113.18713924693867
-4.317894785760128 -2.2686580262294154 20681.088440526335
-4.18681155461725 -4.199195268558834 26523.70038776157
2.2165731024305204 -1.995028301719457 -5.521939116610467
2.6821211450581517 -1.656641290078845 -4.1085025830862865
-0.518543630858531 -3.013621784265764 0.6354859850288527
0.7646958017173429 -1.474434062514256 0.4403841870953426
0.667789338789798 -0.9537049527198018 0.30899184415880016
0.8682021581862385 2.4367458058727998 0.21652970692928863
4.728597915059815 2.703456922773487 -0.034217733692147846
3.1508470549710523 -3.6699205817190816 0.10746383212926543
2.033803495305256 -4.611423225861223 -5.739053846744613
0.046230808981787774 -1.1308963624971167 2.6645607576679723e-05
-2.0109721904879994 2.5659271364318146 -76.88407361536063
-4.821802660931256 2.9288368732252774 -2792.168432688349
-3.776966630967704 -3.5782577321479794 12378.095352436874
4.4060670592503435 -2.2840653688178083 2.7853089265857705
-3.0176639549780604 -1.3477031839734255 -444.053951128037
3.890009763772662 -0.38491728321975316 4.327961382420605
-4.0449894348943 2.3342396138883448 6768.727831677586
1.1547446552123377 2.6566579861204085 0.2782154134806152
-2.6880388691329173 -3.5549802564264086 -1128.2668423010625
-1.7369308611576684 4.505903975542395 -2.784281846006962
0.9457817691572803 -0.17748238544186634 0.4965883920853395
-4.58579732820259 -4.691540050969904 12907.39660700012
-4.552572339683612 3.072599176388964 3131.2920232075635
1.8371167676629616 3.4019567834270283 -0.49885434963282477
-2.811786741034352 -2.4232676957974553 -924.8495877407148
4.090565304360345 4.062352190014689 0.7040223284172958
-0.5536625007345233 -0.6509842128694228 0.5707305381729015
4.382130317836095 0.9559895875240754 1.6834011802954743
2.7869511535999543 2.3551003416296714 -1.2785304476023744
0.5005069869068297 -0.13179878801606204 0.13104210560003268
3.770743570360139 1.0450630306652444 2.9745486085032753
-4.492187946409266 0.9068325199958434 8533.416575958938
1.799502789683233 -3.163637902521199 -2.1108312522743056
-2.1665790418087507 -0.0355273093541868 -287.43616738102617
-2.7288172630900998 -2.3266172242021366 -961.3154618980899
-2.375342513160766 4.192448465077339 -78.30574479033828
-0.23253489839874764 0.24864145294145423 0.016030456651208353
-2.5358946702459653 2.5091916471978184 -304.0557685913549
0.8863624677640178 2.148198872019199 0.24876857512802952
4.14359104953912 -4.8954879208262785 7.006928775890748
-2.1920595099042286 -0.050785082602553544 -312.21865149050626
2.515938545997349 -2.148159082819099 -5.579345132579237
3.499961064434503 3.1152493040736786 0.8938676600712043
2.7412869040875165 2.357471001194247 -1.4360562784122464
-4.023855999141819 3.104180015174297 4672.548757350752
-0.9741157240683957 2.8381925174625 1.514288981895979
-4.089088329514716 2.7970289278270775 5900.503533306955
3.805606244516529 1.7122690125043585 2.541573771475936
2.649106606320533 -1.5007106932717154 -4.261925479265996
-3.7208337686139172 1.6473887884065732 4086.703771700914
4.598830090784244 -1.5304592529206253 0.8001481699771503
-3.6518354963152575 2.5083299389720617 2408.2876386776315
2.602497862440659 0.46617631501189916 -3.198376714401631
-1.2179797432114792 1.9106620033776114 4.256667276514296
0.538558039894081 4.695451303633595 0.009463354985020468
2.212598064645878 1.5955702954176871 -2.677996579430439
-1.361648692270927 4.007742814820926 1.5911009603421873
0.7840547100858881 0.16161852546243782 0.3443893635247312
-1.9265194801685723 -0.5346104371927023 -115.8437577908609
-2.6717916669185593 2.9946071324572223 -264.15499256710757
4.712408237591701 2.3062790153242663 -4.8763331681563576e-05
1.260682253324199 2.09964798734814 0.34622716281463073
-4.9303584168013925 -2.0044608093904137 -19477.61821539508
-2.8409653176445215 2.5382367157874626 -296.43490337209244
-1.8334056530638132 3.3335894530594388 -20.00371098036554
-3.9624503395756863 0.3110350405893536 10443.140234347484
2.476987413114001 -4.259326684886759 -7.456401662544235
4.121184827985683 4.661887612284371 0.24596854620763556
-1.9397679704784245 -2.517518214700277 -168.69432952296876
0.5361299672559525 2.879861553894414 0.06510642905142584
2.0739649304790575 -0.1524516922809438 -3.343621333026329
4.542125415222898 4.09377219065296 0.17589712478290517
4.0086774280687205 1.5167360621091746 2.766025333571327
-4.220635631908291 3.219556367999237 5184.705950896432
-0.5058919203355075 -3.1395430415494943 0.5886731759916888
-0.5122707633981607 -2.579228329746094 0.5744061525759467
-1.7578565288000982 -0.9694799471281934 -40.53491025556341
-3.826948019558701 -1.371123780320127 10527.82408998542
2.7250737474725595 2.17190484636419 -1.5955628751702582
2.8908455461423888 -0.9252923483902 -2.024614159162203
0.14883287508668186 3.536339813394804 0.0005965103868020152
-0.33898556189483564 -2.3625644538389623 0.11307028234459175
-3.7181680322998254 1.6016686942929486 4107.571569443231
-2.7618099527732944 -1.8886021309665866 -891.7901247071803
-0.6007001565024206 1.9928900420109112 0.4081206180035444
-1.2887059852349791 -1.6790938403451539 10.30541006195369
-3.3942652597626886 2.957737468442839 610.7855639311944
0.3608280015143439 3.1798982142791914 0.017392707661542824
4.35166693983515 3.183239605385447 0.8339040629929976
4.241078620416928 -0.23155388193529003 3.161084038644234
-3.718572173632295 -0.5491084585897852 6715.838454334264
3.940423079211495 1.436198454182498 2.8773734791096075
-2.546791157905297 -1.41402334469627 -791.0087365533321
2.510916063698093 -2.836792240954107 -6.144545970855411
-4.982637511947302 -0.5975920542988797 -19542.035337413472
-0.051751157428670425 2.2051963717835887 2.1016918505871693e-05
2.7844600219541054 -1.9171157491194304 -3.366709935788673
3.5261964175143685 4.6670479544688135 0.1688367167157961
1.6708265462244274 4.603388564683472 -0.03799305718350509
3.707344899970492 1.9012830007558925 2.1790084931609184
-1.8904590684749731 0.15118650673262835 -83.051067359104
-0.8762444648621432 -0.9878540970314429 2.960427355019851
-2.1639869838675043 -0.9423262160763946 -336.3751030286068
0.038595025498661784 4.570907974002262 9.137685593448919e-07
-4.158097006144778 -2.1989572840109495 20448.56345519839
-2.6325228576986284 3.127106855815791 -244.19704260076438
4.082559761190717 4.8187896018752205 0.1370541677572756
3.0111333664505953 -3.4554817117428325 -1.4906393428425453
4.5022257866158295 -3.623851751591356 2.1350024494866053
1.7750670835790539 1.8592211239651943 -0.7063587122687305
0.5264420143826172 1.6631029001966287 0.09766310993158935
-3.2880042135214005 0.4798939652086611 634.3199880106869
-1.4339934522882247 4.488853359345143 0.7399861444684875
2.602721861292773 -3.9270007944752927 -6.295520847232398
1.204004480471676 2.7948240193742793 0.2657367135205093
1.076333008234763 -0.757099831974708 0.6462713482758673
2.3098058193987248 -2.645126869623554 -6.370194517984353
1.8630068298087128 -4.624047016858926 -3.3681941532917614
2.421636785553778 -3.2227179049019803 -6.818708609286716
-4.254910022744847 -2.5099678623681165 21892.1550143703
-0.36399026571739324 0.022702676768188823 0.10130346678936045
-1.673313053772516 -4.281787345523362 -25.98444571576081
-0.9308546025197071 -4.810974331008634 5.920800494297232
0.958339213650989 3.8011495561458695 0.11709301635792091
1.3212638017417957 4.78459159522869 0.024365973363182837
0.9305388790533486 -1.3195538431290643 0.5923990583859158
-4.450589352732096 1.5120264485725299 8176.601372346056
-4.458842669616381 0.7746544856644899 9703.948201271061
4.740498217796613 -4.881224542126585 -0.2510497634020082
-0.05612996402367987 -0.5222068923034842 5.7675219880075145e-05
2.2702896961326804 -1.3131169789178285 -5.17559591283459
-0.7930554059372437 3.917057068575321 0.3842377950078377
-0.12251045009754691 -3.262962474062816 0.0020520807194066054
4.113461017804363 2.432938338580848 1.8834968178103464
1.8887212707987109 4.8564947159960035 -0.05567632640757734
-4.391417867917745 2.9899469787398196 5284.474845912341
0.3922847803623162 -1.5824775743676156 0.08201847283683425
-3.8673427101826627 -3.506034749771232 15527.016927245939
2.4209966091146224 0.5458888478549735 -3.694453442933689
1.9547182339444884 1.4355766247174984 -1.7308095739244356
1.3190949604781892 2.4018646123355474 0.2947493111049424
2.9391682576790075 0.8407042772486157 -1.1439997727120927
3.3184270925978243 3.276812660674702 0.40687626012610517
4.933175232799741 -1.470331678357292 -0.9464011272482293
-1.868153846675419 -2.8265103168638586 -117.37341167558625
2.95318696473832 4.643869984689847 -0.09107706289021979
0.2166368051542218 -1.2123512470253681 0.010194703217738387
1.3062637688841097 -0.5869741979312062 0.6438023358975958
-2.0012681002838972 -4.1721337258127 -277.351555663115
-1.948896803250845 1.9225550437575585 -72.36758837116027
4.244787263745453 -3.680106634967908 5.205864045357765
-4.794586276022584 -4.65839266500444 -9668.856907141277
-1.0725843671758173 -2.4153942819820697 7.087008162753693
0.3402122448561826 -2.4859043718814036 0.059059169804466585
-4.2526385069430255 0.33681074244716847 13596.623122179606
4.527632671881667 -0.4279460284563994 1.157597554854412
2.7814849656489526 -2.8517022081607593 -3.8527372928906978
1.820346978427927 4.360794400834729 -0.18411521125155036
4.5764374434669595 -3.1953008347576937 1.2299631203660324
-4.379779831062239 -1.2966279418220616 16832.89697912902
2.167245093481915 -2.577109138267785 -5.681775576629808
1.9934758352226734 -1.7376311924405208 -3.6480862295817906
2.3989986312539457 3.1908393316475365 -1.5106318149127134
-0.4309971260869103 -3.5200109382149303 0.33523622708835005
-2.4535512874233767 3.4495014508607706 -171.3474838991008
0.8560177039622534 -0.24497357495188243 0.4332351730526675
4.651323562566059 -0.9686181829343035 0.3706022284293374
0.3995094473623615 -1.0714111286774242 0.0800696051830367
-3.6655692745565194 -1.685968128897902 6782.873728067758
4.03883238211405 -2.2761103329253443 5.68659899292977
0.35859705288039834 -1.4135629994295784 0.06007246530632233
0.4382922182201776 0.14984890368402137 0.08472789596425785
-3.157271707502866 0.5603577793960515 51.502099195325656
0.6417902205191686 3.6619442452816298 0.06364864124032478
0.20533891928550219 3.048668447621745 0.0026346036494772707
2.1160651193072164 3.9429482310326875 -0.7381200182026024
-3.367930973987061 1.8852849109247884 792.1577263911266
-1.8647276623858233 -0.18237129901495486 -76.09927160107988
2.602932230469417 3.0834177314713713 -1.3512104456427394
1.5912885062246565 -0.4024659497307663 -0.09268788425402898
-4.255724039800816 -3.8270375873466578 25729.17798529838
4.535391634313642 0.620187842452645 0.8889490961691622
-2.2076527323850135 -1.4493251364907875 -417.6841206273423
1.1445208140348218 2.066207801963129 0.3464879593807351
-0.6921624224860263 1.3633631013252714 0.8126394171319129
-4.850880983002077 -2.2515756899569093 -12510.311071197786
-0.5045865017327031 -3.5871962456094297 0.6150758713424662
-0.8666800967391017 -4.096887519671091 4.337178349275744
-1.9843645316301641 4.814602645681491 -5.184828814484677
1.4142193036010084 1.624433714961377 0.3031354719415665
0.9977549633059475 -1.9220341468543078 0.7128091853157622
-2.903724434726799 -3.72825099584543 -940.8440003205865
4.707908511156878 2.1809017032204405 0.011946335671653924
-3.5668845868582566 1.6025076366857283 2369.7610319814253
-4.6996181945152 0.5530698662374416 656.064909880953
2.0149037893909796 3.354251377336265 -0.9403929180735516
-4.638063664569671 -2.254206571093753 5947.907801927171
4.641703220801546 1.4102073760322078 0.26098463110842124
-4.430104238824359 -4.0124948164395 22117.52876314766
2.2943219375835513 3.7814097497633856 -1.0100888073838123
3.6364052717991378 3.890226542105081 0.7041802698561896
1.306437332768926 3.01610095228183 0.22856603259852024
0.9491860362652647 -3.695127010359415 0.8381459835668287
-2.2190439589376956 -0.9683663309017598 -399.50944003217467
-4.249597713240766 -1.4911660921230085 18930.94811193495
3.0232966071656833 -1.328357232767722 -1.0106690415166193
-0.4040627696854857 0.7960637115322955 0.12882888158456846
-4.19723719044404 2.8055151223045707 6352.42330753116
-2.571527168001645 -4.964362941995727 -1254.4351871712568
2.725132500479254 -1.5564773401886067 -3.698563688874049
-1.8882507879717236 2.683989826675706 -39.16294886888985
-2.939946832775812 2.072814352304838 -286.9224509186865
2.1634813422461283 1.4004522339208547 -2.6867605431745862
1.7188005952521292 4.837011752609383 -0.02476306667763506
-1.7028102688367985 4.830116471857453 -0.6785188923802029
-3.766614546764424 3.623275185805994 1928.2504374554187
4.539375405422941 0.8969101307920946 0.811225614344732
2.6106696193342245 -0.11791249019961292 -3.567831552407339
-1.2909381893573424 -1.9105978354927409 10.68984648307575
-4.787626373565132 -1.5333735342835264 -5967.528437473264
-3.395655621095437 -4.0371794256277145 2725.09475728056
-1.1524004363999474 -4.844083496520064 11.699978459371689
-4.591581764852206 -4.32890238569425 11923.76654940909
3.596064793974138 -0.29655925696837837 3.1264093605268366
-3.045726899433366 3.9156557351845898 -61.933363132526324
-1.317375710037676 -0.4765976657176729 8.680415968589296
-4.583140283182518 3.929020132940863 1452.475380262099
1.3728268362727212 1.5874781771876423 0.3498530505963916
-1.736574883349146 -1.3901838401964115 -35.89019580985727
0.5560409790795484 -0.2157200766531986 0.17597996986432943
-4.345711256866509 4.432362692028379 1578.641264371012
4.512545360479514 3.5184120169961624 0.3460057956114
3.2577314824931527 -3.1357575487388187 1.262258200330295
2.9244808791921892 -4.498913875415226 -2.8049767012088194
-1.4717740186101844 -0.5403841754974454 6.829585966891909
-2.5921332581699543 1.1728383603214807 -488.7893449294844
3.4033802586816613 -0.6213005670743978 1.9617705360396507
4.819678756008928 0.550808159047226 -0.38265142082420744
-2.8985307706031103 0.42548860154291024 -498.7978136319039
3.2660004763822634 2.176553664442414 0.46920733308670953
-2.614345292722585 0.01601374212041673 -644.6196589509539
-2.3126586599447165 2.9060938291221428 -178.16540099137487
3.562181879532508 2.969383184341585 1.1185015084810066
2.829741679440639 -4.243050086325529 -3.9336581533022477
3.1493113263041366 -2.907868971535258 0.08175775700408634
-4.286936348870501 -0.7376396637593299 16594.883235725993
-3.18442000185728 -0.25829746514744656 175.75061399100025
3.1809116291111224 4.074391917086533 0.048691606700880054
4.571433978995101 -1.5247131780573464 1.020273848344085
-4.5336650648169545 -2.328483923340067 13037.315745963502
-1.6243310159757938 -2.148316691205636 -8.75075887970517
4.421555525104141 -3.2392311277836328 2.969544783132606
-1.3926702523148449 2.175263220695518 4.436922319044561
-3.9010364762254577 3.807496360340492 2349.179204724931
4.225920641242327 -1.4900714307285412 4.038232481276672
-0.19771428296064109 -2.8274464243206787 0.013661915819369482
3.006854004091654 -2.075212051817681 -1.2886550634080165
0.5041697369325258 1.2850772743500558 0.0967761043444542
-3.39271990996711 -3.016357971709125 2375.574722240926
2.588596269941074 4.843165826891715 -0.1127888456227924
4.024471726623231 3.246788480333377 1.3815681894069014
0.4851941501896029 -2.3204050531366125 0.17148923279543526
-4.70960274490386 -0.8135058049496005 188.35161404814534
2.8298385739213714 -4.518726131986189 -4.049723079311677
-4.034761445661764 1.3028389132888094 9256.381590179995
2.49261895011084 4.8358665136724746 -0.13066579490528069
-2.5286641921840713 -3.943024732745124 -1083.8927350385738
-2.211386775479941 1.1241376807684 -253.77155504677532
3.2028113011494312 -3.3490500527155653 0.6834165199021887
-3.7717624183486875 -2.6338275911643483 10852.375400241901
1.010022984751057 -3.050672842155903 0.841722337637387
-4.095694210251267 0.4844269720185599 12179.128500418352
1.2785633451657237 -4.747816469085281 1.151563344134327
-4.558195283786233 0.2430772526873115 7501.49523301995
0.023137143664754944 -4.847517058730965 2.755052813026983e-06
1.4462560410778869 -4.926920357209728 0.7648990104120246
-4.10965389413672 -1.5735454812579928 17976.087706974566
1.060845726624847 2.6545607874624 0.2594066272631029
3.6611285025216294 4.089695224786912 0.600722764697498
-0.4278282195174734 -0.6120918319949631 0.2146227881865389
4.444955253215342 -3.944636054165339 2.927538228130987
3.3001640426317813 -1.866308460929098 1.4540207790442385
-4.620266402633842 1.6026234941210395 3400.2980185981633
-0.34428697255620033 -4.029327627508836 0.14747454738207494
4.617639881275537 0.9839760625909797 0.4022869841591091
2.603456617410983 -1.8362708342129852 -4.8160259375124035
-1.0743679323882835 4.0528134831014135 0.9099949139277915
-1.432290852925152 -2.4353939656327994 10.817614835292003
-2.1894977019089223 2.2458433085358367 -168.9260309928381
1.0744665139972822 0.5216864918702644 0.5018497769199851
-4.691567146714454 1.1690958754522827 916.4646682438855
-4.3930755927594065 4.914262659117007 224.83763979904325
-2.048407667372331 -4.198925563824318 -341.0695978185006
-1.0817047131907778 1.9356867841793433 3.0076298681863047
2.275112098811972 -4.403534738384868 -7.728454761681324
-2.2453583409890077 3.293165450768816 -122.90786073151418
1.1114747561181986 -2.865157907893111 0.909212185572948
2.7342731642350966 0.591219811061583 -2.4356581223590257
-1.0665804587330596 0.4092763621547739 4.31027107082231
3.355388283893806 2.0264054138000382 0.8485231158189975
2.9389467714911905 -3.6967387663935583 -2.394661870241363
3.0100847961637474 0.30988218415553703 -0.83354753173012
-2.33158622438172 -3.761953843474087 -777.4599012194576
2.69082225651828 -0.955930852293009 -3.6135682591018945
-2.9439988908342354 3.293882698784399 -165.15909850938107
2.7078156175050347 -0.18919601950202747 -3.0400955826226475
1.4486745703207893 -2.1661959590599156 0.5444947246211551
-2.3901437280830873 1.3018383836224459 -368.5864782077292
-0.28311452734005815 -4.626144030038738 0.07194013719373311
0.3273410722216221 1.5212726921025208 0.024156838550442716
-1.4755326036430914 4.796594748138398 0.24508971162575582
1.6569577748404178 1.6834455221758704 -0.2677763090315736
3.062449649426714 -0.38223205298929486 -0.5734023962437572
-3.947718610285972 -0.4534856295940495 11816.229385936189
3.9015463622762994 -4.250230384806416 7.451588514670193
-0.2984023749245024 -0.731639495988821 0.05291041878768679
0.9293327903454527 4.140057631433633 0.08046225903729706
-3.36877060047601 0.9380853725023197 1038.6141806593355
4.033060311972928 -2.675941748442309 6.019907429618219
4.6190838475106375 1.0204133227805237 0.3919323239955846
2.6813121331322947 -4.682827406435001 -5.985645779303777
-3.095754996257054 4.326072088630516 -20.272455686246637
4.330734441926303 -0.473566655563868 2.6706736528641244
-3.4968687001496623 -3.0509195339939312 4126.7464696458455
-1.2100540711965033 1.779077682097773 4.367564806845281
-2.7853192282428294 2.9349817218802983 -263.31616293399645
-3.699066183955636 -2.9961084070956625 9086.151816855476
-4.325647159400149 0.2627683923802513 13403.875773676296
-0.5417698063246217 0.14810733998217085 0.4524776209594017
-2.847059082592125 -4.858560326632069 -1177.2470803627787
-0.40124518114402186 3.367239148649281 0.04869078552542651
-1.214355779267967 -3.113070721223429 11.098003162629487
-2.421485691655322 0.6582888552554511 -456.71752591625847
-1.2219529662812834 2.21682067909002 3.864844035225873
-0.6936779800195865 -3.7374038928475617 1.967247644730465
0.058428212851422856 -2.526272492793744 8.226697119374381e-05
2.1381356773073694 -4.111649214637953 -6.576302159268058
1.414606189137496 -3.8263410904680084 0.7914099287392794
3.9184676513411762 -4.997372991791847 8.069742434264185
-0.9380590948910159 -1.5728227259288596 4.06844431139223
-4.009587853637334 -2.502726293391546 18096.63485667591
4.176670950258259 1.4839501196390925 2.3775298911045946
-0.20783175118795594 4.050279880504535 0.0020306939436948238
4.42562689057681 0.6387510355578909 1.5466869619323973
-4.594811007776335 4.494490211202313 630.8037034178202
1.2013806006202108 -0.6679669714299923 0.6828118466219789
2.310237100310438 1.863652587841531 -2.6136426051984047
0.7069212452845708 3.769994536844756 0.07188403520462647
-4.134299708293865 4.765791716283482 654.2429464276206
-2.811957010215078 0.7056994493700994 -534.9260778381748
-0.801521890156657 1.854850052554264 1.1563038900604796
2.0864582220729755 -0.7682512013760334 -3.8310599603860878
3.5121070056297317 3.4976636936400514 0.7354652250984377
-0.8061211595998294 2.4521528300633957 0.9547946115755123
4.17320337204071 -3.2329617208208736 5.596041581008641
-4.487263163640499 2.9743182991863035 4290.42974828783
2.0290297187942894 -3.3206909158596765 -4.914922864191062
-4.216554433093188 3.575567034410616 4144.918137050658
-0.24345512921819612 -2.1070815486551595 0.028879536069199248
-3.222252303983797 2.9872551678500603 136.53561079983803
3.1113344118919333 2.029089874151331 -0.1206340576715957
-1.3902659236721937 -1.9188120090587701 10.89651358518014
-3.042134237193408 -4.150105919508116 -538.4644630786257
-0.7049413977460635 3.8523542321509083 0.27313218277222223
-1.2053492778802277 -3.904398904009306 11.957075562213637
-0.6581803426727006 1.3233230436049475 0.6897146695969869
-2.376328231894518 -3.9571080403258794 -870.1678110227048
2.3772883178966335 -2.8928099728302845 -6.615593102823641
-1.954469509496887 0.2997685268087382 -113.68007572197556
-0.5153958947833335 -3.0690829809712925 0.6255484883880349
2.9865014316867082 -4.7325838609882105 -2.0436916692818743
2.012929354670674 -3.6060356449968136 -4.894090094566072
0.12247711173227138 0.6624448757466848 0.0008422480395748086
1.021355911840903 -3.4823962825457655 0.8989019095294047
-4.538201746408149 2.159203938045641 4950.899987224372
-2.047577171927238 -3.255348620630488 -305.0386575568031
2.1528252169446898 0.5489332079099727 -3.277554952518423
1.8708354594747512 -0.265356272725608 -1.9034822715651551
-3.1103729515585954 3.959624965106819 -21.92877627734501
-1.7314225756435322 -4.443144919357173 -50.52349919882942
1.752348971923766 -2.243576283464318 -1.4096537206047957
1.5263506422741244 -4.801882839671626 0.32132623378015285
-0.7020263145578296 -3.5536751117495067 2.006919479103259
3.134340898782691 1.9674971647471118 -0.02947566897166626
2.2981121899787835 -1.0724899577019906 -5.040599304835321
4.873492790407759 -3.460875208737215 -1.0003878972986269
3.2110485742886663 2.151043961663283 0.2645324939037024
-2.470245184316097 0.09556064248370166 -554.7897629091142
0.7943722030704592 3.092104015942951 0.13898876306363245
0.6556188602239645 2.308764856151665 0.13420673264156224
-4.631894788877789 -1.4469886184466607 5695.144698217387
3.7898589840151384 -3.24899481776745 6.303481638707969
-0.204428726092873 -1.2210092378687278 0.012438097098892044
4.66770056113152 1.4481153160786322 0.15818721777141243
3.6093485251926154 0.34241668418486526 2.818766438232669
-0.8759857095051347 -3.1158241791327166 4.008590643849471
1.2301893571750897 -3.583411406645536 1.0340263977858863
-4.878061730380606 -4.020499343830895 -18785.348845352426
-2.5497706554069044 -4.4489209910361005 -1168.4060433584762
-3.320713957718616 -1.5534245174106323 1200.897208969183
4.9952803776576555 1.242491589904616 -0.6311286325446538
-0.6258143860948788 4.900797952773457 0.015580921654737933
-1.817926174859672 3.739657445807854 -13.605938082891559
-1.2248501546413273 -4.374188256656948 13.090390882214129
0.4046265000947793 -3.4246396216688355 0.1155607942883381
-0.81785150831492 0.6675245953660314 1.703770468272555
1.5036480311360698 -0.14257456395148793 0.24282789557219134
-1.7969032637160565 2.7407696638501733 -20.94888114837196
-3.375076107428084 -0.6400877456531342 1500.7829362113962
-0.5840125017872673 -0.5780667541032596 0.6840488237991211
-3.9589523490540337 -3.0218345215437594 17751.647180303156
4.48262314779015 4.471754897518105 0.14502934867643236
1.7336699372414897 2.678248944219731 -0.3959150296763193
-4.34497378005137 -3.3016873112004594 23103.998976682524
0.1718441383625411 -0.8284457107855658 0.004075500572358454
4.136994190973274 -2.348381999897684 5.246695979830797
1.7549445163901947 -1.766428911276896 -1.3398520110924543
3.9118679811618726 -3.8262027017954194 7.120120220428239
-0.8007921662895336 -4.400301228025652 3.4454779837672485
4.749233360916756 3.298474158504689 -0.05595567563226363
3.572047458210559 0.583149653913198 2.4844587191551972
-0.40818605006907926 0.46096780375011015 0.1446998869865989
1.9610688214361574 2.0322037046172152 -1.4686145592562867
2.3723344923032705 -3.5495552044154897 -7.169529773154448
0.48696825643640995 4.405845633807411 0.014061672891716627
-3.697672905589245 -2.7574817629141357 8774.66020910461
2.929965180002845 -2.7031043802981056 -2.216428314907926
4.286904970710667 -0.5614894939812087 3.0400376332362544
4.854147404698283 -1.977880576470088 -0.7497585575618525
-3.8584103007020376 -1.9771959699346366 12468.504090537257
-3.021627762354433 -1.8953999949180798 -470.51125905298125
3.6762641841946113 1.7316783978324723 2.2052052936101876
-1.0540754933774998 -1.4254032565053052 5.810902343739502
2.6040674320010897 -4.680634744346918 -6.813853224009203
4.135929104619624 1.186150659978182 2.726639120920191
2.187212832729174 -0.9905222408698666 -4.595598511264669
1.416563469306345 -0.5384342082719655 0.4926944931427056
3.1992005606570864 3.909072642101199 0.08403899075749263
4.766536032732823 -2.2685776099625707 -0.3424616441420544
-3.634555576875008 -2.7508720425434205 7037.10962845113
-0.003772724127598437 2.0237528264064633 6.052257047049015e-10
0.5716599551531942 -0.7416076427618794 0.20771541935737758
-2.940092819200466 1.9908759957030089 -294.8235573521733
3.3783696996192063 4.9386356186443905 0.019384060617883073
-0.035865338747488096 -3.5341966449963333 1.4605203660403718e-05
1.3455941586406297 3.601243080797163 0.1521675037714104
1.757258071973177 -0.44815223444307417 -1.0954257669968859
3.9127242571821856 1.4562845063813468 2.858985644071887
-1.3940385594875582 4.661707807161221 0.5305202362277435
3.9953648019037384 0.4691147370042046 3.6171770471404443
2.6518164091540894 -1.510595845974645 -4.24846063348909
1.7307495739244159 -0.020546820438496205 -0.8375829502712273
-1.118716977866149 0.5853761931934525 4.806525402877862
3.2938721102965047 4.230147291682181 0.15656361885168973
-2.9944195277944132 1.9586712179670958 -241.62480892907604
-2.253432907821291 -2.2011937109373148 -529.8314232891149
-2.638860880746887 4.679695862117395 -41.859901699459925
-1.2162840736936955 -0.9155460354607259 8.123333149042583
-1.8470384148075625 4.75143425886117 -3.264042991635904
2.41449575132573 4.085316702201601 -0.7603988947327752
-0.16648031618395098 -0.7521453658567552 0.004984312274258735
-4.634075811689067 4.922341312515677 66.86678587091842
-4.7012676533739475 -3.467356747716285 1089.0574018887535
1.2080273434592534 4.636959946117358 0.04376418741947384
3.0411792232239883 3.7489893234589697 -0.16935926975238183
-0.4550383814444334 -1.5260260862159045 0.31623154557460975
3.305283140307095 -1.503329685733945 1.421561798466679
-3.06441311496401 4.850153632081696 -7.143130280788933
-3.787495705794929 -3.2363780919395166 12242.982984867205
-1.307330269599427 3.9743994755945344 1.612756102580107
4.708546628920132 -3.4557979451826593 0.030702780223709463
1.3076067597752488 1.639072511755817 0.38670637262895596
1.5078299439882716 -4.936561302914112 0.4439163205191818
-0.08393126409428397 0.43832160479685545 0.00024331952451835215
-1.8710221773722013 3.1844486301707313 -27.708288438012573
-1.4292123001997248 -0.6081953789239609 8.22929103036995
-4.528963778153746 0.011240691754496268 9059.329512569864
0.7963692737992325 3.864117943705029 0.08311413405788748
4.557024766083876 4.105614639461065 0.15628103075886074
-0.5098699783177949 1.7436839051769457 0.2424986520253983
-4.320522697171398 -3.5307281663581715 24227.93652596691
-1.2116969522478094 3.934768737403184 1.4493158190661197
-0.18552899618124208 -2.408653992824145 0.009981038298091901
4.453448987754868 2.179670050548949 0.8893154377478988
1.1858426430929434 3.48744308080237 0.18166805150210058
-4.885065105460801 -3.831353670683759 -19210.42244372545
-1.6222719537108752 -4.508288314738539 -11.106694594624177
1.5652860174611893 3.609758015225575 0.006107226066952752
2.927668736650432 -2.0685986610972193 -2.056243264402715
2.6327627354227143 -3.887878391345123 -5.987934237343286
-0.061689511324543034 -1.85692830326086 0.00010495745791944949
-2.930771268095591 -2.9670332479929007 -802.120050449183
3.36980339957697 -2.7064913590037865 2.346734884568313
1.0911689277975931 -4.921374123558645 1.1284898218825063
-4.036746676904883 -1.4963961357059539 16309.969836270699
-1.8656211765793076 3.116627825249374 -27.80877543949592
-0.706676222925438 4.808293344662683 0.046011832781404916
2.574720650779186 4.309291253290446 -0.5057781638929572
-2.897402688778097 -2.247920393305537 -792.2269014789806
1.1277950306531537 -2.755022789687617 0.9067424347437227
4.912967514558808 3.9050851558509265 -0.15068950370854303
3.561929566766377 4.406541482939428 0.3267096310884934
-0.24194926411064088 0.6102879306365026 0.017394888955954597
1.7048220371759362 2.3520789511183695 -0.3573357890681397
2.5218129726037493 -2.2773117963857348 -5.649162368757735
4.085702236075139 -2.0362440529519343 5.306760098036244
-2.5886267882665495 0.9210186160765748 -519.7709934011871
2.459773881334982 -0.36113424326708987 -4.365047867625136
-1.4571999504291 2.527250666616041 3.2860734057718233
0.6403872340822137 4.769376712856792 0.01091661054390519
-0.18376895583909203 1.5282043447932292 0.004499177677818497
-1.7406035781792006 3.3866444918413645 -9.40491056091628
3.1094387734393933 -2.83422635982741 -0.33807452091389517
-3.7371839162106326 3.8580372083101366 1464.7810224079183
-1.7660600608033636 2.7060107788788805 -16.69061394543841
-4.81216951514179 -0.9326718182950575 -7265.004614186876
1.636559807240027 0.9454995458919893 -0.2416806357668461
-4.327463891313767 2.9951692040040374 5664.738665593622
-4.614789712482095 1.3606301847500823 3840.2628562257237
-4.7118559979571275 -4.15484208176717 56.820383721574274
-4.253458125198928 -0.30452815808560807 15465.419695887253
1.783646132711186 -3.9834982899607665 -2.1254899577884925
0.2871422163549253 -1.9107076696829295 0.030782455989322124
-4.5056024147632066 0.8129655963476097 8336.139809064713
-0.1833196172299978 -0.8010581883653067 0.0074431436289108515
1.8623667861895505 -3.467916029697624 -2.9556045602435597
4.950979292759229 0.051064379528664716 -0.7582161897225685
-0.7044850848037418 3.084353992927074 0.45489774000042926
1.2288537960037935 0.43507078208796646 0.5500234962986205
0.9335606320499235 1.9386334286940325 0.2883027506754861
-2.4888982223593947 -1.3566929781824077 -736.6608118967645
-3.402560400073036 -0.8875273543945585 1848.5088126760256
2.0543021078749115 -2.0545151251881655 -4.402568375744901
4.9124448108367105 4.192900439313384 -0.11088902401832403
0.0790876490642658 3.1517775150017826 6.611779251899687e-05
0.22544464312323154 -2.004938267382114 0.013278626160457666
0.8129993193053764 2.2232873992143904 0.21058375608750798
4.115342081361684 1.8125901277116334 2.3338796734230978
-2.3335177367619417 4.052328253681516 -84.43854859357559
-2.9994179191005923 2.9818140449176003 -156.3881866434712
-1.558375221676073 -0.1238020236579116 1.1300315086503379
2.54137254265654 -3.6292064614336583 -6.568169548136622
0.09851287699259803 4.381902279187042 5.190761586160079e-05
1.4046574215282073 -1.802759785653969 0.6333585959031895
0.796817838958094 -0.2928289124148655 0.3876667285554952
4.003796831270336 4.982290570404137 0.014092098743130846
4.869888590585969 2.948011688518352 -0.23863160757966478
0.4284705764124688 -1.937061662264734 0.1132597916595174
-3.2814832855371545 2.90491470145167 277.28850832794507
4.124826771920706 2.0437406524273607 2.141671920208141
-3.069081653231912 3.9879236936196047 -45.73744217578814
-0.5522440515792457 -0.42599168363031037 0.5428823053611472
-1.5937136816195254 -1.6694537182700153 -3.1139327266250225
-4.330123714018717 -1.7795775253677926 19115.894472575925
1.3145629506593215 -3.3892209475172432 0.9573021364592401
-0.641010308014712 4.261681552461475 0.12622636339544596
1.8954618910866632 4.10833377154551 -0.35485948793104405
1.1975951831876541 -1.7519530232506932 0.8129507372325427
-0.21831609211018232 2.3015506027827968 0.0070473145784860376
4.426740514182059 -1.6112534165808645 2.3342005683793814
1.792964831536791 1.5341567288686484 -0.8645788213112536
-1.7288043638620207 4.193057669639815 -4.210342949866796
-2.358947338326287 -0.36464221005769826 -503.84573351460415
0.14757226199358708 1.3009723536714057 0.001459838858681969
2.576551318682057 1.7744477771428455 -2.356479006581886
-3.0501617366243727 1.3449477839071644 -200.812638576051
1.9596051082980717 -2.0795906496983987 -3.4882325158508114
4.26316686854334 -0.09299255583749222 2.9388085975780185
-4.840081930916841 -0.7347755184947928 -9086.563627613481
-2.99684094822795 -0.8734740260405811 -461.0933333466497
-3.715278093855876 -4.0884783774715885 10884.575668366359
2.3371042598494762 0.044530972089970255 -4.152522457289297
0.176929886798459 -4.170948470276306 0.0071487100981565185
-3.602921595571067 -4.886808150168521 7965.781010745479
3.979878700226319 4.018679334216301 0.7872874938705783
3.037299470147804 0.17998832633151718 -0.6779329903633169
3.4208602293558847 0.520905075472121 1.6662949693381925
0.7008918267452957 -3.8344610726212727 0.5074035329743654
-1.130817343165671 2.3196305815018476 3.014068014649923
4.38142552961939 3.0898568551377537 0.7970361400225565
1.9269625385494935 -1.2014531756981341 -2.7578235192478724
1.1437752465118214 -2.4802593992950692 0.8830742526705752
1.0577059816995602 -1.2466839781611583 0.6887146050759755
4.396038988860502 1.4119476667948527 1.423015205020939
0.6450953988344263 0.3231364246009498 0.22503576030101882
-2.469491859853812 -1.522926286353088 -737.1218931080615
-3.693169757685262 -3.4526713826420483 9419.603116639004
-3.8906612787755024 0.9900160578810571 7721.415543773172
-1.2595774552890826 3.3088945263100094 2.508183515339985
-0.5820938529424735 -4.897745421956548 1.1994303544137965
-1.3707427973895414 -4.6506559300286785 15.425640129427576
-0.3434434042508059 3.0752186670273236 0.031132789751841434
4.9112224063366074 -2.7436571097049836 -1.0596491400786423
3.149325365745817 2.0062274362084933 0.03100825076891935
1.5918484815275322 0.5922472553649003 -0.07776835646862278
0.1369285799554003 0.854876696904947 0.001231723461025532
2.1472589750812867 -1.3952095798750341 -4.674364177476551
-3.0237543163719103 2.5962496084032685 -161.7737223369633
0.44517106416107044 -0.46555145154640076 0.09997488539475441
-1.578404564608852 4.6619158929480555 -0.04940045399926468
-3.622415439991703 -2.851751751923246 6814.5007317529435
1.4940528380921103 1.6580488010399463 0.17666226104249347
-4.679226354071876 -3.137439151933946 3073.6426210084583
4.742662160925432 1.6934143836826285 -0.09019675339116177
-3.9106788655737237 1.8954606419992972 6243.455919085136
1.1505527636738444 -1.3642760469797013 0.754037266581515
2.217848999591002 1.36650112954492 -2.871512963465268
0.6495019221247329 -3.008052856019914 0.39118901520953464
-0.2858330089611316 -4.958465135412221 0.07733976996533885
1.7251229730961501 -4.265260009143255 -1.48033068248041
-0.7106523495489983 2.2911421881457077 0.6627986459923322
2.84028604804916 4.689271988431663 -0.127765827576813
2.4012582222087575 2.8035955461648507 -1.8329597312626102
-0.4339644289219713 -0.1257801254359734 0.2070851188659609
-3.5669971765191653 2.005246210957919 2089.82062864623
2.4813913267368237 3.0365219300476944 -1.5762799121921416
-0.33086141438622185 -1.6987202804031751 0.09341827723044695
-2.023482725378085 -0.38514359766328177 -179.70629689831708
4.857595996935318 1.520432610568271 -0.3807880745856281
-3.709274641632555 0.7614551015341977 4979.243282969404
-1.050319201156369 3.3773775495957175 1.4508099832904535
-4.956884596835755 4.781384281064712 -686.3761338538612
2.269442476398301 -1.3065111400918026 -5.167834072130817
0.2283961481298391 -1.000276415365673 0.011920097404016172
-3.197589892898004 -3.577000775523662 384.69264454389264
3.3982193020251525 -2.2530104019009345 2.481769887140035
2.0118136447896875 -2.947086409387513 -4.507089438426693
3.3392002190476138 -0.6264371084521336 1.4842727514816054
4.692260849933444 -1.7434879957326088 0.13108253788830485
1.506260157996568 1.0966327395724171 0.17813442049820583
1.4617085685668316 0.5387527361212516 0.3119755587007912
-1.3084999173297174 -2.239115557273632 11.39500236866686
3.5493809572637556 -3.4761159753727053 4.53859697316269
-3.4063277216650256 0.5952020886022122 1413.3515567280215
-2.8110651685163743 3.1553542941285286 -229.98730411568943
3.8431523308578406 4.6706012666258 0.26033659727359854
2.2427791242224995 2.276344125737701 -2.1951500679563956
2.1453460107800684 -0.190639400296309 -3.7840814549867106
-4.569467218960266 0.45754362917608127 6718.646053122123
-0.35243257267819494 0.665292492373311 0.07766830512800428
4.0579775649199 2.318924964829211 2.068469215393034
3.444343516359961 -2.4896262326201244 3.0165113060835678
-2.1135050488677463 1.956515838061148 -145.01148267281332
-0.017686442406742664 2.214216130492196 2.773090680662577e-07
3.930764863123855 1.7746498884036175 2.6046865048468573
3.5425629650480275 -3.965216209656799 4.726324687191285
1.4195943601979755 -4.933923952068193 0.8726741888458531
-1.7634574842180042 -2.51259624182961 -53.48794656060156
-0.4604150348358029 4.334869262686537 0.03370726664158289
-2.298913997699281 4.1426387896100785 -70.66679853732535
-1.3851805876056513 -3.389132711496463 13.278136604383356
2.7003214502919226 0.5876076886260231 -2.6258763654665263
2.2083091435339472 3.5009668595512498 -1.1745412921499243
-1.6644570916011716 4.540928759122357 -1.13783835987726
1.4477341818287757 4.009526053551452 0.07567190514415456
-0.0008330919651422519 -3.116115459453032 3.912742837108666e-12
-1.5532916735864246 -1.5489251570370133 1.994863262106071
4.298491467976884 0.03604116413648484 2.6378286768106736
2.2494704868397513 0.5874651805175022 -3.572669020769208
-0.12159901612412227 -3.449455506737331 0.0020355397118170674
1.8618326418005893 -1.8559807224228697 -2.387597642767977
2.742093538296036 -3.3632350783401312 -4.536211965259154
3.4705353019887166 1.8630315762128422 1.369922225202507
2.0720778166496023 -0.685348352056776 -3.6761371309851274
4.521610613410235 2.1516186289854042 0.6304053327442466
2.558042182519279 -3.8624306567172173 -6.621874719223923
-0.6960881988116041 -0.1218635051511523 1.1670790535835582
-3.7739423498617573 3.7486900480290366 1790.0549357860934
-2.2397905525135786 -2.4045839730206744 -525.2183016469676
-3.274278730918856 -1.0808213170363645 752.4821198612532
3.8183913097599564 3.7946201444552443 0.9396749091126878
-4.075320797448616 4.926157931668916 194.76082614651787
-3.3507913239290943 -2.6342908701848433 1734.6053599468676
-1.6716381404008898 -2.3529408543323016 -20.128817832532395
-0.1347310309305776 3.268291106483769 0.0006335118543813944
1.6545637371454456 -2.542794840263322 -0.58981864742701
-1.0412509853709215 -3.5640440820177988 7.447497953202177
-0.5253035203684338 2.7029221910149017 0.19113485611250183
1.864650620935345 4.681453236381044 -0.11225445147766804
-1.572277054717163 -1.9129651209733356 -0.1919552833192742
1.0802282475737819 -1.8127269116120215 0.7674990988976703
-2.4907956413463053 3.8019991133310214 -139.15937509105416
-3.8952733210695234 -2.526397163451554 14641.143135136412
-2.743167339757636 2.097741709551504 -378.9902485092294
-1.3870707115139447 1.2522952860213152 5.92138844596809
-1.5211495725364585 4.2888715327878995 0.5397813940587813
-4.595358171169651 -3.9369783790973534 11105.977974114687
-1.2711995812002441 -3.27382181944413 12.482940675530863
3.210411886029288 0.26219251955231915 0.43589025450841035
-2.8424417189387006 -3.2310801063241046 -989.1877266909189
3.0160207571599447 -3.979841815390819 -1.5231911188017961
1.96899482581677 -0.3830612999686238 -2.7257946742387196
-4.529769198542615 -3.6976971048608176 15739.857136947874
-3.8871639290530324 -4.636044876849756 18410.144748344002
3.4021990661402857 -1.6788902450156353 2.3204404535205976
1.1854881336265954 -1.8444352280921184 0.8219866832434626
2.2236720893932347 3.1670653752345803 -1.4557309268419094
3.464982580611421 -3.841104748911859 3.7976256722360535
-0.2986476555842863 3.31453742513901 0.015610342106876575
0.8228782458710313 -1.5999564079508488 0.5109052173543871
1.2865288373802573 2.105761659109345 0.33986498824448597
2.747753234107412 -2.50845232865705 -4.017571836660558
-1.2622648286608906 2.0436612621170083 4.402741654714282
0.0870547270755555 -1.3871447615126584 0.00033203925061295894
-1.9759826063884112 0.5250351237708841 -120.26581481972224
-3.6488891856687355 1.9969934146657238 2872.0853828839076
1.9886724948927101 -4.107022521248208 -4.868892965095576
1.4402303017599003 4.744266539273298 0.020370641888975808
4.413489709078409 -1.7677348153717531 2.5166188425298586
4.330890729621675 3.5309424952918285 0.7164709204789547
1.848514357266403 -3.8428987976243456 -2.907006324318765
2.1422623905075433 -4.437022912013648 -6.850655147101323
4.363483169181066 1.1276130185101163 1.7135469239161771
2.1902986558692694 0.09755135451118857 -3.7732392072162524
-2.6458573747357015 -3.3744719411186086 -1096.9247421659418
-1.846892124746323 -1.9753813188420732 -91.51067045999984
2.072518879716232 1.8782794586736395 -2.0202093132550005
-3.1430634796353196 4.020254272978944 1.0369303494088933
1.8054836850950302 1.5364118236249036 -0.9246273156796907
-1.3007422994474682 4.644300457730109 0.5559355604826498
-4.446643038853288 4.245073469996116 1786.3959440951
0.4142490118525526 4.795604192711272 0.0030131637823285888
4.5989768382629475 3.199605390906669 0.22027518158410847
-3.8417697237598905 4.605234880072626 677.2927848049928
2.064584367421727 -4.422220636289617 -6.003927815496189
1.9188211747525363 4.631062417111117 -0.1596184784499164
0.4146816557422426 -4.1757480052009885 0.13569826762263043
0.430614020619581 -4.416644357411657 0.15606005486642574
-4.386236620647759 1.1262188725644293 10262.48874118966
-1.0331177070168573 -0.9445366054100512 5.040806008354774
-1.9524784845848608 3.5765956037307163 -34.083761520422584
2.1890779127421913 0.5601814280655226 -3.412766469362031
4.689754304036612 -4.141934720497246 0.200490910085563
0.44384174719642644 -2.667417791465685 0.1390210647058806
0.9110473826620353 0.37855720894858 0.42011617372323834
-0.4765588597624024 2.159363160661232 0.1640892322925071
-1.6644444223872688 1.5093997636681076 -8.650122065884787
-4.564200661315187 4.2833555889318635 1093.0266743906502
-0.37816605216676535 -1.4456022445968397 0.15246600759599002
1.5735568085931568 4.285441645278281 -0.0015976359450500664
3.218615876360362 -1.1080900536381288 0.6288465258506472
2.8865900029736755 3.0140886098874002 -0.6902174712914482
-2.0226427089844767 3.0665131798854883 -64.2871631679157
3.327443201159344 -0.9103538935890656 1.466582094200322
4.26471804231287 -2.911738595141319 4.549866939030503
0.7404489832890118 2.256690947544433 0.17563146216761388
-3.8096966291712087 -1.9868285305083369 11034.58843041563
-2.8220575093242317 3.2499120778654245 -215.6727864836282
-3.928311482315092 -4.475116374919235 19762.390519289653
1.8327317597112547 4.011437978706647 -0.30232699474629043
-1.4731274476121548 0.011430932094728341 6.100219846556736
-0.666196180751947 2.361807822591702 0.5162785851641157
