0.0697159610073399 1.5456370014354528 0.19938860828465074
2.4202031899505014 3.3070500745059057 0.0718710811328782
-4.689906498557178 -3.288322588494732 2.507913227385938e-16
-2.8848471692330224 3.064760337251311 1.8368203856654838e-07
0.7524232596490066 -0.6869611484863736 0.08281848435559871
-4.375735563216402 -1.4078696813127092 1.709208082479641e-14
-4.044565145570393 0.5718424741991113 1.8049340825190086e-12
3.2524984605905 2.1387192202553065 0.0047040943291900795
-4.90346914573106 -4.992348057447678 1.2764496274510371e-17
-1.103656996278902 -3.173414515553495 0.0003585084606933372
4.109464432931105 0.3291040756039374 1.0693369182574913e-05
-4.695587000527608 -1.4227664080289761 4.918309431839382e-16
-0.16394475492464977 -1.0415632648762276 0.018774175262846405
3.445629723096582 0.5845617806799037 0.0005188096448383388
-0.33035384662030953 4.362861309442289 0.03647768977971613
1.0423769704338746 2.572665921096096 0.8281938848466105
-3.3912686736245745 2.997938779213303 2.915033538460905e-09
4.575653673275678 -1.813960583410008 1.414246217443446e-07
4.433759468936465 -1.6542494351141688 4.1037662318884274e-07
-1.9646697522986156 -4.765577696903978 2.8220696880360855e-06
-4.927683170629061 0.7494196811722995 1.2886580432135958e-16
2.1031316030655924 -0.8328517057521898 0.024061536571329756
1.0266711058547173 4.196962833437443 0.24494279085547221
-1.8184839273149809 0.8193169345756681 8.816496281531674e-05
0.6584802698991119 -1.8391711774882569 0.044432356841325175
-3.8127452435813614 2.6604090360326094 7.116256357065419e-11
1.3930618752809663 2.6480225468637464 0.701234168868728
2.275621576757988 4.118490169862092 0.051440336277672395
2.6814588577268434 -1.6808731227709686 0.003167726101520993
-1.2835591482813333 -0.1894017076894201 0.000644664251098928
4.75447962916307 3.9275369832401967 2.3327904746181662e-07
4.818871648416788 -0.503023315381121 4.5391266275283e-08
-2.8887214862624697 -4.489352255009002 5.409018513851241e-09
2.611133133433282 -0.08154279716007551 0.00948454599519136
2.057388864821875 3.1761866098077824 0.19726293624828492
1.0523211405059651 -4.593347484138441 0.01935853716953489
-1.080404888132216 -0.5590629036320358 0.0012495701600986255
1.3457485918169434 -0.3614132830383632 0.09452027505015996
0.8007574332615821 2.3049427159171367 0.776286973215307
-1.9523213564794495 -1.6993123002360133 8.702701863997337e-06
0.38053767962511564 4.321009255175504 0.150863963024863
4.495194825724218 3.9456096526426414 1.5042595529638902e-06
-4.9253536354879355 -2.48319617297154 2.1701470885992566e-17
-0.5783225827462344 -1.4306547984893783 0.004974078144377003
-0.7551146603186183 0.06747631737619741 0.006454757317622997
3.941985347563021 4.11540392363181 4.572874042987339e-05
-1.5756421461880574 -4.187254543905999 2.8636753714536013e-05
1.4342770893055299 4.661892445620424 0.14098598512524171
0.017346136440417936 2.769166631162258 0.29922684262769605
2.124820585153742 3.9591778461946348 0.08475814935883394
0.43578593327116444 -4.0039471279704975 0.016720345878021223
-3.98914820972333 -0.1895992780007747 1.8352059491551024e-12
4.426496218221391 4.829346673466983 1.2016007962627627e-06
1.1087338030334184 -0.7070171969329495 0.08604702477772623
-2.1149551807320655 -0.12346270152339045 7.559889345637479e-06
-0.8638707827729419 3.2028261858877656 0.01829575850497399
-4.541239417764399 -0.8493228251088976 3.722137222114589e-15
-4.295749440359757 -4.862199388720335 1.1931702454254337e-14
-0.03352671976868837 1.9276305137364638 0.2249493918656078
-4.8098192357057945 -0.6343258116858399 1.9883146628636405e-16
4.552055514657953 4.440343816883441 6.67652232306912e-07
-4.858997715536076 -2.001289825004119 5.753604847794436e-17
3.6697447673875665 -0.8651408799040894 6.409156774400056e-05
2.8624892394527404 4.041193106389526 0.008713265918013182
0.2880575416247213 3.320180163259174 0.3216662051818514
0.4477643743025572 -3.45395205693648 0.02011347677169365
-0.9977319012516368 -1.9310724657380662 0.0008871128390607753
-1.0632041666627745 0.5599147485178264 0.002854069647409318
1.4664743969573113 2.2572474135532996 0.638994406516728
2.1673505703740004 1.7492546197078447 0.14513729971936284
-4.438213979066781 -4.230903066180044 3.0803526065288073e-15
4.118187854225015 -4.62977837697114 1.150875221487133e-06
-1.2807450282574018 -4.708321103249816 0.000103586648971825
1.3651244935811535 4.7009582024772705 0.14479767664164564
-4.78543814918856 0.35005269324512955 4.994693765644377e-16
1.41329146614782 0.16412377196502792 0.12664387343882444
3.2046094425403595 -1.956259885616134 0.000367938297226212
-2.1353296974040816 -3.178308120471204 1.6086097137852782e-06
2.608482372342494 -3.6580984941508063 0.0019229303419504137
3.558144851702629 0.07415527839693858 0.00020305253822658535
-0.8485999150497667 -3.0063613068366326 0.0010406139725827948
2.05194579688741 4.939445559813647 0.04624382058863899
3.794387650914004 1.336872817778386 0.0001591253121228889
-2.931049909309774 3.094789412273556 1.2513902895477852e-07
4.506452033543681 -2.537704211448546 1.7207986837558247e-07
0.6719458213889551 -3.2174766945301423 0.02649694199662865
4.3296266471206675 3.9661854091678403 4.573259834998626e-06
-0.08594232025281201 -4.4875311125884725 0.006146912114884855
-4.139721558344167 1.4534773628482114 1.4673517378653337e-12
-1.6045384128325288 2.257960539000715 0.0008995581057178115
3.799660559227034 1.2979968943918205 0.00014912897383469442
-2.5382288858489344 -0.261022965603841 4.1439190350461354e-07
1.1446088330759965 4.173481824907977 0.24479322089783281
-4.721289431804486 1.8673428756593724 3.801746695290335e-15
2.8722559292551555 -1.6288899367342733 0.0016460396818399326
0.44872162117518233 -4.901777284133302 0.013180524002588815
4.523210220166547 -4.650433368467625 7.768876514892688e-08
-2.981711707136089 -2.21357430015423 5.560800322103331e-09
-0.14826120172335866 3.2963695417756504 0.14585903592340296
3.7578440219976255 -4.949759585618686 8.776272584322734e-06
-3.473803381282786 -3.438553043662086 5.568511059254196e-11
2.8538837742193204 1.0920550448916453 0.0101073531922754
4.941322827330509 -1.0474041306567683 1.3010102747314109e-08
-1.0876129827772631 -4.7719075910627105 0.00023672670348177623
-0.13159621569442415 2.526867501581296 0.23144039224608065
-3.105349428354537 2.1108839739570238 3.5453517339193426e-08
-2.7034965317615067 -2.402680656758748 4.377648183161355e-08
-1.682002649728834 1.346365698298241 0.000297022649576878
-1.0533177003020313 3.9439772212967394 0.004491800727643611
1.8605309185635788 -3.3042385255163396 0.013668103755679393
1.910160539729766 -1.9433069978494677 0.02085429044430409
4.076197628203147 -0.7677510211376859 6.539195840070619e-06
-3.2350115004389757 -1.8704646162811187 8.003350753087402e-10
3.740607892592813 3.0620172641862773 0.0003608974175152841
4.341936780899196 -4.586622265417102 2.7442911755406e-07
-1.9699038670411149 3.445666313863974 7.052515668324906e-05
0.3052193349514907 -1.9109398873961094 0.029874651903071543
-4.088722783308353 -0.5459076432010859 5.415533774434353e-13
1.060561031707814 -1.5919536908975007 0.05552465219266281
-3.6250233659530426 -4.896658806255646 9.174488861507826e-12
0.3701314456259581 4.152303718913103 0.17111812093902787
0.20186481363369868 4.108628988906702 0.13962774284791424
4.8215846657187615 4.49788137067827 8.7507808886256e-08
1.6061526994939177 2.662124770327824 0.564728658760173
2.8897460103454806 -1.1666090357063208 0.0019204952779290692
0.06669513972231034 1.0532056460854893 0.12708210310830526
4.484561332100604 -0.330809626049521 5.784951657212872e-07
4.670227618088532 -2.2961009727568795 5.833694757103621e-08
-2.9202760702358557 1.735980751814397 1.1862855976507248e-07
-3.380989997317476 0.7826354994296922 1.1132047252372332e-09
-0.7574394859862119 3.9550987700813156 0.013735816793365154
3.1890444401296865 4.381380804634416 0.0017504769551900771
-2.208131609078504 -0.16898648987920595 4.072758902949766e-06
0.004281641263135683 0.7980442176210145 0.0905706140104668
-2.6615326620313393 -3.0645581534459385 4.678614109293425e-08
1.1030128980750469 2.032900976888115 0.6976853453895556
-1.3400732264991841 4.375749195984865 0.0008872179481757146
2.378602969366254 2.177186829335759 0.1146189225327389
-2.700762738228204 1.0115228432942427 3.3006126446865985e-07
-1.8815113889186232 2.8859716046368344 0.00018365487390235624
3.6993376240095834 4.728690946451765 0.00011103707823216283
0.9919013987751253 0.263474310439479 0.16122650940929933
-0.4532830994786332 0.8425529842453114 0.030653125302986327
3.471005074796695 4.749198218277574 0.00035625301894472405
-1.0412750864003142 0.7551469233700221 0.003652180495375111
4.212279516934878 -4.739204924011068 6.157638314900874e-07
0.8355410533695329 0.03733090907633141 0.13397807351480456
-0.47262071399758465 0.25989761116288435 0.01838776978020278
-2.2540431820454643 -0.878451664207855 1.997529807202084e-06
-0.7254463080311213 0.4102545689512018 0.009149759064813065
-3.4538961770589394 2.1155748025448107 1.799688976507432e-09
-0.5771848300510074 -4.484457484409155 0.0016629072378089797
3.560487188577035 4.152065814836984 0.00036174847919788825
0.595175855645226 -2.8725811326487225 0.02823389930501564
-0.32677200531020034 -0.9759262840221536 0.01294897722792215
-1.6599569170121087 -2.531440930135691 3.189388003768892e-05
4.193952994766764 -2.997995973197022 1.1811362412569969e-06
0.8084455804929425 4.700117149724129 0.15958438340895215
4.483083838983353 2.2303416344744047 4.231195665856662e-06
2.4882219594544805 -0.735583991193276 0.009355969632943455
3.792851749244395 2.7396846277177396 0.0003258394649459736
-4.658429744266742 -1.2394113469765178 8.193531050389183e-16
1.4570227692826263 -1.8972694095343936 0.03951605647695194
-1.5465850058505861 1.1528523672885562 0.000506173570861712
-0.7782301386026758 -3.1033113966268964 0.001298785462946189
-0.6860837369487127 0.6356588688336426 0.012459501630632253
3.925576581551777 -4.082832167238467 4.307107139282027e-06
0.7813731716813379 3.095293536436847 0.6133185404892486
2.2560311860179105 0.2837022252220951 0.03378074082336063
2.5010293148026346 -0.3361549309497729 0.011367017332880671
2.206391539450488 -0.9470695728726186 0.017834154828226145
-2.9789699365347175 4.360242372241039 2.855811064387167e-08
-3.9457260509632475 -4.868652961982361 4.2933625413398296e-13
0.5350649604809625 -0.328131779392713 0.0875814144459576
-2.3305122547782773 -2.356666889269181 6.143876196547844e-07
3.1670693134536023 0.6580823544298431 0.001987954775573267
2.1652052046924446 2.4315669081841715 0.21354243571545714
-2.623256982969855 4.089905950387358 5.334984552441334e-07
4.276938267748589 -2.8143215684365384 7.369490318390661e-07
-4.391511212804579 3.4904795669253925 1.0891599850479479e-13
3.5128399504112053 2.7021235166118 0.001458766007622198
-2.130768068884211 4.9024553144217755 7.940129853920999e-06
-2.6910430301012522 0.2101728151145803 1.8799681679946988e-07
0.15685857503868483 -3.6997180184247282 0.012392820550635723
-0.3169949187096064 3.143336563843949 0.1093591310759265
1.3504577109993674 3.3818459915898487 0.4472081789482589
0.6813381511790597 3.8889723237299574 0.28870875914356237
-4.096751570744313 -0.023031631017084386 6.910944165615961e-13
-1.3766203087758608 -1.552716359611984 0.00019991572947779832
3.802713502101115 4.8460461577186 5.783610748050081e-05
2.871359197399305 -1.3272877472200353 0.0019016433366023662
-3.4867870755302297 3.865373538577627 5.899051008527417e-10
-3.885938237606925 1.188558065955064 1.468881255033039e-11
0.4735028016564211 -4.153698543192444 0.016667583580001723
2.50164276105483 -4.368033542417061 0.0021683074650804706
-0.26073521215062456 1.6728754191269672 0.10829220071152107
3.9737025473517793 -4.812297065894747 2.6413609745009293e-06
-0.7029494489630554 -2.6890692839301744 0.001956208953512526
-3.7382668934668573 -3.8375112853368853 4.2949324736281504e-12
4.737750722024943 4.696658936512879 1.420979155913424e-07
-0.003029045841387301 2.8986720896844673 0.26907319522394224
-1.0448507437358003 0.10580626314248676 0.0022037682486061656
-2.038346337120962 2.8410394566015533 7.437585155206049e-05
-4.954868849598667 -2.2630500613431117 1.6655643445903077e-17
0.9406409020345743 -3.9816761800009495 0.02306025617388481
-3.4659056361649867 4.873818008491325 3.188273545934507e-10
-1.092128700738122 -1.1345653432186245 0.0008718183783503585
-2.8770808607031775 2.106330786339229 2.187055928659775e-07
-4.80301212876004 0.843869049250948 6.016635817914881e-16
-1.9483910292981363 2.8229745273882356 0.00012861517154355337
-0.09678179810462684 -3.8016783349797456 0.007340612810178919
-3.0330976791480646 -1.4918309468074797 5.03434015137647e-09
3.2160809091022298 -3.8919726966793853 0.00017511845532028328
-1.6146269236351793 -0.23275921447697545 0.0001239157188890289
-3.526016606626994 2.4574333003948343 1.0561277558669901e-09
-4.733491970371863 -1.417046920557933 3.197766995544785e-16
-4.880032300305834 -4.614776185185104 1.8615133352797292e-17
3.376466050993754 -2.01762285385822 0.00016317343402732704
4.977919920095811 4.074529848616933 3.64790733558341e-08
3.4844166148697404 3.665999742148255 0.0008151328211522865
-4.8270774163670875 -4.468294717135002 3.603701707384418e-17
-4.101096607877345 -1.7911984734169852 2.5501607952636913e-13
-4.437918359685963 -3.5702725531912582 3.777136935471986e-15
-3.2874177783335323 -3.6239530236416395 2.685824504111283e-10
-4.85256243376052 -0.8655208699514265 1.0629091475001637e-16
-0.4874217021968299 4.0362933194497295 0.030738502826367538
-0.08868855383031615 4.893950893792965 0.04410213886277361
-0.09673986301904325 3.0312535249332857 0.20262744238522942
4.607214714983751 -1.858885974529494 1.1056358989968239e-07
3.305866348211934 3.417697349729764 0.002403013238922273
4.106413291004214 -2.655445052351256 2.3197063180131958e-06
2.8653316738518892 -1.1368113585121575 0.00213663760748868
0.01252342753876956 -0.9126675613674315 0.02935871614281064
0.6931121939513565 1.4995874784157106 0.4135352532088703
1.6502653991885206 -2.9099077838873244 0.021504510493276126
0.18488116120256937 2.0502115519022466 0.3669464526183657
-3.707852329438807 1.687589477450862 1.2730238431034645e-10
-1.929697923860545 2.315929737814982 0.00015174711956035522
-4.1481706006335735 4.844702158269383 4.609835671737402e-13
-4.3594215930602385 1.0588805207943652 1.0236056276029984e-13
-0.3640780687673466 -2.8814106167855003 0.0051579730186196715
-1.133828230783541 1.1426668404143223 0.0034621889401376064
-0.779314077485159 -3.302880835248443 0.0012093361666781254
-0.21040378540540416 2.005354161538576 0.1599392274706334
0.810750785352524 2.4221215653743675 0.7999722005616943
-1.0814988936151626 4.191500613191208 0.0032337597209331575
0.6209187788807933 0.47163771096623197 0.16298532110456626
-0.42033056761180543 -3.3889705479650023 0.003707052334938671
2.902403716477602 2.7599391663548225 0.021147358043643604
-4.983117722745101 -4.067717882455665 6.404887701493615e-18
2.0569725816660256 1.7343722836191011 0.18318228173440718
0.12053629171329483 2.3828670560723904 0.3801662803918587
3.640686081517913 3.183662127535815 0.0005617324705300489
2.786744121313128 -0.475364935528817 0.004085523490181088
-3.6236365726112876 2.251410811678176 4.117718336796694e-10
2.838474454179149 4.5146861153647695 0.006474255656595489
-2.7021192454615903 -1.3287438877871405 7.037401758320979e-08
-3.5903861598396967 0.19473714993278346 1.0835208376614021e-10
4.100324062714071 -2.8840981641544436 2.216744714587926e-06
1.4780954218964322 3.202213249959108 0.4699455522166192
-2.5053216979739745 2.194855222797667 3.565048302780381e-06
-3.6591789551985956 -2.8902533019591505 1.2347044422536059e-11
-3.214708248077678 -3.674656787909787 4.904678811626747e-10
-3.507941945644897 -3.6666293415798967 3.809591860447866e-11
0.4507624336767151 3.8153695372336465 0.25240216588951214
-4.729416330987277 3.058765682414599 3.6655805789018904e-15
2.6442016639513515 -2.5326045901338445 0.0025248684882007606
-2.9812409476868873 -0.19013647306058168 1.549285894864249e-08
0.2834066660351482 1.047347466027305 0.18077277360097677
-3.519828902598797 -0.7319228095300545 1.1526836186495901e-10
-3.3229974622642997 4.395377097371615 1.5966634520745088e-09
-4.409328628951039 -1.9751290701980153 9.23200801266486e-15
-2.5545411412880314 2.87769577969891 2.425649939341738e-06
-1.4893725481731188 -2.5927190229537542 7.501450256796466e-05
-4.810510016322855 2.6927077927546827 1.7576021708209248e-15
3.2390928347685985 3.706802781461329 0.002502416625912233
-4.6604153747089025 0.5318023177313416 2.3973973699865672e-15
-0.32057517649570766 -1.7912073345543367 0.00891352167477568
-1.5773828432523773 2.6565939717271183 0.001064284414861328
-2.1432111635649562 -4.5049297766772085 1.01851403347574e-06
-3.8685635944098165 -3.7691073001465467 1.2545356925334013e-12
-3.2680281596587157 -4.837422559693135 2.2294766788364313e-10
-0.8734591031583676 2.728409191086117 0.02387967349664415
0.4537350523820667 -3.2503825720116986 0.021653563145113772
2.4099426043515653 0.4249536814825694 0.024878697644802567
-4.528860522754049 -0.2508686910864819 6.046328749235973e-15
4.139207110623062 3.3032926077539706 2.8453147342213622e-05
-4.195937553765799 -3.6180804988464335 4.876225864366739e-14
1.7019374270463352 -1.7553952067929348 0.03164244753552283
4.623154913532812 4.469106625353767 3.9198310968397127e-07
-1.8814944831836264 -1.996883881005589 1.1566156846943383e-05
4.626387003757804 1.703919266901198 1.0602108330599393e-06
3.283456879326664 3.9294720516673127 0.0016769233468377223
-1.1515785226331108 -2.0471372538701518 0.0004462187817451273
-2.861029501340501 -0.960720351600366 2.5464252584665332e-08
2.910239521401218 -0.1704135317174842 0.0031228427901386618
4.897500726676316 0.7645485871526345 6.003128275676334e-08
-3.282891578639282 4.381472389139031 2.279785667450409e-09
-0.549400649014391 -0.09733207725162085 0.011409283850880364
-4.430063379604576 2.9751512942782545 1.0977984428856202e-13
3.192270595898938 -1.595555062762779 0.00045511847789758106
3.219646047186364 0.269823104800917 0.0011742505972201355
4.336574782517973 -0.599114367970996 1.3536648953437782e-06
4.0486707673192015 2.15384622049622 6.965955653398138e-05
0.4420478542044268 0.6161114894083557 0.1542389539192698
0.1476565824124254 -3.0755727781801943 0.014978276819916578
4.298146293660864 3.241160170063715 1.0788873359196517e-05
-3.623813454844017 -2.6142557675256075 1.8962219437613108e-11
-3.8247359663906955 -0.31417929987322957 8.520861615804334e-12
-1.7915032633748917 2.8512772005074503 0.00031194259378772646
-0.6432274309224217 3.930586261848461 0.020696356339115617
1.6465954906536782 2.8117622581641193 0.5074837879633328
3.0762138258810836 -2.98867748579539 0.00042855182405397653
-0.9322821126722456 -1.4699134500317945 0.0014094096637527285
-1.3084917566735332 3.4083987088146 0.002393982858315685
-1.6383547811338275 4.91501360819422 0.00013483908489794172
4.312622091554909 3.3465027572484978 8.948714712990222e-06
2.259258103259775 -2.692725260273087 0.007271522518738782
-2.2547637243132823 -0.1997427784875283 2.9544079218153737e-06
-3.419735349797665 2.961928094380342 2.3238446691921022e-09
-2.1916178990528046 2.635491635340191 3.092551921392864e-05
-4.69129301603703 1.2581465744065792 3.1242670380863224e-15
-2.3084989133303093 -1.0534083230383615 1.2747412519400756e-06
3.980387728350582 3.423832054362281 6.757719761663888e-05
3.3360297542375683 -1.5421450384001325 0.0002432408713137539
0.39329129898542536 -3.7057812194687187 0.017426873332111032
1.1944686535606497 -0.6187489704644893 0.08812334520426615
-4.717769793835444 3.8153636051957847 2.1615393772212715e-15
-0.8775544741169856 -3.898155978757293 0.000698816214387391
0.5942133255421798 4.259831812829626 0.19738842442075413
-1.2023858862110046 -3.658808262995902 0.00019995533943530794
-3.0605994016296414 1.0181519871000058 2.033283991153848e-08
3.03646476111696 3.5782474097166883 0.006691221550924236
1.0569508796259584 3.31709622115282 0.5336994945726337
3.1880373897614316 -4.934746290991376 0.00014755439180746634
-4.275004449017221 -2.1599799714038936 3.5920016481078345e-14
-4.605651623897185 -2.6922931293499373 8.005526352519253e-16
0.020960887685991025 -4.702737268341087 0.007224285488104538
2.85102814128207 4.994992937900646 0.004378029746319744
1.0588078257948172 4.019200443611373 0.28408099736082665
1.0979228614439123 2.418535106597572 0.8208411698979952
-4.619065986476887 -3.279870914938423 5.603579658071969e-16
1.0425392227085144 -3.50860602776105 0.02675878030418099
0.0803741133884639 -0.7579987842321074 0.03633244597166909
-2.8969924693673033 2.997835195137652 1.7532525026453395e-07
-0.22927128317373757 -1.9796987872860639 0.01037560983755176
-2.714836966962606 3.3821977062639945 5.133860050036267e-07
-3.937063784104259 -4.993874184935293 4.5253388216174066e-13
-0.8609155075424981 -2.4805332367997535 0.0012049433731567466
3.1031444868467677 -0.4573314941934372 0.0012060942341917292
0.6031073063577521 -4.963874939713763 0.01501080728740743
1.0034207831317197 -2.468778757970126 0.03862634624860917
2.1560365777096377 2.7623802959932275 0.20710562266942062
-1.6244982280703169 0.738094042930574 0.0002369625609839948
-1.8275929971000018 1.0050260063703718 9.812349458921618e-05
-1.5871127758180958 0.49672702870093843 0.0002377412402750723
4.979335665792732 1.9347857381411409 8.733870963788428e-08
-1.6241501683956097 -2.822010774156143 3.4610246458447396e-05
3.651433412026936 0.7934519874714416 0.00021516979246997202
4.923294306895707 1.9746136730062913 1.4000400513059954e-07
0.3594209511915345 3.1655738862026297 0.4037907757173333
-1.4894150074375476 -2.3519132508249365 8.225787900313639e-05
0.5554461579760943 3.40896513012912 0.4050280617057795
0.2949181169366879 4.088341884402052 0.16338848375037315
2.773902000210099 -1.3882394385771866 0.002634605100082133
4.395969922060033 3.913033273025519 3.067280638740381e-06
-1.4066112207102854 3.6005604531256097 0.0012659709123518407
-3.8884309807752135 -1.645807682595092 2.276366516542779e-12
-4.346393646894268 -1.4010614755689188 2.3487209124124348e-14
-1.6631173549357179 1.6775304730221405 0.00044316029970741633
3.7250500702437286 3.2782486099683545 0.00032986400410654125
-3.957942420147502 0.46951164872439755 3.966218060108073e-12
-2.4235662136631433 3.5757899623168186 3.4458749293178317e-06
4.424576451244278 -4.757221792936232 1.4975774317245162e-07
-4.785914334393031 -0.08423610242948953 3.6709396883879817e-16
0.5021763280349711 -0.9127420746147692 0.06075391097766798
3.5306175777257724 1.8936319813006444 0.001055623669293864
3.743826465700499 4.013657723089279 0.00015396001256698144
3.714373438520491 -3.1979592782583244 1.8749685701900272e-05
0.7876555257738946 3.4886077129169912 0.4390260550038503
3.122421524204329 3.863936102181368 0.0036130854927157252
0.6617069447714217 4.855604689977458 0.132149980342679
-1.7148871016947997 4.748107642671515 0.00010065302910521837
-4.214463305981314 4.158952410907222 3.930339114723978e-13
-2.793102017419624 4.077016057142821 1.5306081468895964e-07
-0.8571096746203057 -1.6024900002248312 0.0017626852752932315
-2.041789192814919 4.147623019209112 2.449086453966773e-05
-2.931702394561179 -2.2010263359116022 8.302393428941971e-09
-3.0017825713308377 -2.150938066545854 4.85919592454169e-09
-2.4637204142816618 0.7324862050441938 1.4246786272473988e-06
4.030981905120246 -1.3212177459919419 6.478839463935247e-06
1.4758485121349967 -4.107060606622401 0.017777390014300225
1.5708117341925103 -0.9985174985007674 0.05371658683531155
0.915039551255866 0.5091540556125773 0.19227538414133383
3.66607585613737 2.121392288207308 0.0006093471931075218
1.1039618924408945 1.1429967642379593 0.3252552536500561
3.697492941639336 4.702913261970082 0.00011426461908982982
4.647227053971804 4.910090496843951 2.383813709222997e-07
-4.211154929740223 -3.3465961877062176 4.544114903478585e-14
-4.997879881454442 -2.097089761968105 1.065354505803716e-17
2.7292767448132746 1.9399002833791563 0.03320805641492807
0.7234160041886017 3.228609736161429 0.535194996103276
-0.8613644996963297 -2.0719850458272484 0.0014153289735277515
-1.7027771854083062 0.8359288380923697 0.0001693484460770776
-1.7717067623693694 3.8883097948237193 0.0001473703618089707
4.134932537298246 2.359613437999016 4.4216443359124483e-05
-4.288704036707528 3.7587423918942697 2.557862045891429e-13
3.8814798228199354 -1.0311083508916785 1.812829768523736e-05
1.0914462474097864 1.591856416498456 0.48978136047144677
1.9580612568926083 -1.248939358123807 0.026180014900875195
2.570441062842206 1.3750596092134728 0.034435197290773045
1.9124721720622961 2.5788868832027854 0.3605590371124512
-0.920604659308192 0.4593074441316558 0.00466106340667588
-2.656128249882319 4.316348258899687 3.4796782323375616e-07
-0.09251136631545442 4.801799739377499 0.04664829384012846
3.733285830074623 2.4984883216456497 0.00047453513799080227
-4.211735216050833 0.04182169128014124 2.2065636223930965e-13
4.277163916876388 -3.741321962215479 5.395513445081094e-07
4.238372281379357 2.3144074939816885 2.2597389492315212e-05
1.9924706537828571 -0.10961876542291993 0.046621078815338106
0.5064617539563541 -4.074776227150946 0.017642531073971755
4.654749161715399 -1.4258445321057023 9.51955986836777e-08
4.15916373490507 4.017200181733845 1.3222109706343683e-05
0.6152828038509126 1.180372584184246 0.29320050262750214
-1.0491043653683496 0.17790468991823616 0.002277436747241757
0.4590154427544233 -2.564568257182561 0.027794292467311913
3.542344173074291 -1.563318103854038 8.804393311055979e-05
-1.4054120659844784 3.175776771042946 0.0018532409039024264
1.1107224550132209 -4.53925824583412 0.019463898838675723
0.3098690189117388 3.5138518199797986 0.2787783674495739
-3.5651830988350808 4.460348746167609 1.7628989130386683e-10
2.016398764437155 2.0903929106736534 0.2602132088401304
-3.7909380490720634 3.7870523798440097 3.7650087807109675e-11
-1.3112452921976283 -3.536633954966397 0.00012717488886957508
-1.35215465270639 1.7629250008913209 0.0022690372627105866
4.322799046748873 3.672344915293042 6.2270545116610735e-06
-1.8977656119912467 -4.334195498153159 4.707794299980074e-06
1.9389930020069581 -4.557197974619054 0.008118476489403965
-0.26840276465251467 -2.8823663650089184 0.0066330586855611684
1.337910339078423 -4.82707049275991 0.016253597470525263
0.565567754245297 0.5157597329280268 0.161178731340264
0.7603702745232663 4.214211218553016 0.22814801639834753
-1.637638286863623 4.836882376909552 0.00014289388805342472
4.447511250239499 1.6661618321760132 3.63571917690262e-06
3.729098340032465 2.509641280394286 0.0004854779126627665
-3.5434244486795285 -2.603521135037612 3.978187144567961e-11
-4.7441405160199785 0.8920762850566186 1.2367285567610325e-15
0.5120531951643637 -0.16688353986168636 0.09481529359096694
3.187634099485317 3.412729432841841 0.00410605573214329
1.6858812439368531 -3.569550396193586 0.01642326010507887
3.3711526966774805 -1.8920466996517469 0.0001764795248094335
2.9548678115737994 0.7825960401000076 0.005276510398941087
-1.0405073719235869 -0.6875818388446202 0.0013687896077271466
-3.571766642514974 4.226945129665612 2.0015660955961052e-10
-3.2933840909189396 -0.4548819034052256 9.944402865938406e-10
-1.2607838416680073 -3.7538472355317376 0.0001495681867379543
-0.07627139014254158 1.0772562851480973 0.09738872226452913
-4.837998248815935 -3.777597416748175 3.8874456195804574e-17
3.927257826177593 -3.7785063964574306 4.67589421452469e-06
-3.1777956718926936 2.2145330267821812 2.0517221580346988e-08
-2.0980859346614467 -4.926808976960738 1.2040115266492064e-06
0.6080578831068282 2.033578353241678 0.6049871538128162
-0.5591880154331736 -0.32747646530320473 0.009564603389238051
-4.7897587532410135 -4.627078440928583 5.320077376093894e-17
0.4715420852147698 -3.0448147857103236 0.02367625731135516
3.312533619432763 1.6480176279829184 0.0024708535726481245
-1.6371021752476 -2.516004793332698 3.62102935197277e-05
0.9789969992021703 1.3727496220725435 0.4045661697067939
-1.9165189629109323 -3.5048396978584204 5.4279326366064506e-06
3.2021710427379872 -1.651653670076482 0.00042480727859740326
0.5208880338747424 -2.0660310140483764 0.036051775596357416
2.6836477472855176 -4.748155593886017 0.001093088143328168
3.9712831181096675 4.6728491344023695 2.4740353847072774e-05
-4.540143010586423 1.240515362110929 1.6791565536479767e-14
-1.772845840430505 3.684403659671112 0.0001759577822995347
4.640678966027709 4.2927626082572665 3.9700215176860737e-07
4.425515129226346 1.2116291367017773 2.8026634005813455e-06
-1.4803921873147265 -2.6675036828928453 7.628128032454229e-05
0.8358161214735933 2.9828346138340747 0.6792155863616359
0.5661227980034411 -3.7366009335846817 0.020661032650555224
-4.1786292082023095 -4.496312036271483 4.495174881820835e-14
0.18823333754386073 -2.847588736249156 0.01736388262912802
3.1872626444732983 3.649760849632722 0.0033154885447562897
4.12554852725169 -3.93689826473579 1.3415328750161372e-06
0.15760691924014125 3.882896282888858 0.15802201513189856
-2.4838712204048097 2.518663158465955 4.461745698573784e-06
-2.24355259872456 -1.1691498273891252 1.8396455920873483e-06
-4.437933147497839 -1.696830888874544 7.637655267770627e-15
-0.4377199870507411 3.837532186571714 0.04234202932682082
-3.467323293915511 -1.491560580880309 1.255950946570871e-10
1.5694732269136615 -3.988113256807871 0.016699924437436335
-4.273528491960325 -1.3077508111121015 5.3254311786250855e-14
-3.356780293419278 0.5927389800941496 1.179750957032543e-09
-3.148084249591875 -4.388159522111187 6.92171214039597e-10
-2.301331983219723 -1.6111829558826907 1.0209207500349616e-06
-1.3714294782862355 -3.011362531013151 0.00011437281452388596
0.6675016739985606 -1.5951709694423144 0.04982280326806735
4.821025999322073 1.0444277161825797 1.374768885609398e-07
2.906407960049261 1.6710191718373943 0.013988909507820895
-2.724406935998651 4.813103476780034 1.4439107462129866e-07
-0.3348596689780381 -3.276659126879198 0.004869176101796255
-1.72344792397785 -4.861782575413399 1.0846445408027656e-05
0.7672172791138543 2.6175239514495097 0.7803962181614202
-1.1383150625861163 -3.5980707132343404 0.00026918914949973147
2.61592716033232 2.795845892210803 0.05704343996548687
0.5578726295220431 2.0444446536264005 0.5843159188443823
-4.94860277330142 -1.113212696797321 3.006998600593349e-17
2.321536737547758 1.1745913961908974 0.05898124158853506
-2.619426511200703 -3.5530160218955844 5.403744174413882e-08
-4.4098586105697155 1.58092067528999 9.529256596210771e-14
-0.07945903404867316 -2.3091815076746425 0.012818458480712688
-1.2863352937901107 3.6869665962831704 0.002057520206788095
-0.19855990940853463 3.700082611577841 0.09004912945134533
3.912300801686129 4.778262150402529 3.24339418308709e-05
4.801985976316331 -0.6067132303789684 4.861099574792962e-08
-4.376893557786198 -1.8053383264410563 1.4088386705028371e-14
-4.614633167638744 4.074656509093257 5.539377861136388e-15
-1.336055494147085 -1.9642438698193887 0.0002018826080443694
4.875042618552799 3.4610778104669606 1.417641207064709e-07
2.4413776375089027 1.5555523316020174 0.05986392863831922
-1.5916724117487355 1.1730359122957923 0.0004088195200649344
4.659993453058277 -1.3749945341458272 9.385406625478121e-08
-0.08864557995199007 -0.906122719281325 0.02387973746399605
1.503301582545216 -1.8243793930927854 0.03900579180661972
-4.952944739647435 -2.5001552490171566 1.553603144126539e-17
-4.752596594922097 1.561133388585132 2.040784288624891e-15
0.2812230343979376 3.3272496099376916 0.316567442810193
-3.82879910166539 3.945060750096003 2.272305107923028e-11
-4.578288674640482 -1.4072112233748326 1.8592180886733322e-15
-3.9931115243672344 2.782945962292535 1.1622614260829238e-11
2.87093508934975 -0.8623293246829355 0.0024138136775053885
4.330254194167097 3.106511140537112 9.729948760052738e-06
4.520569850382486 4.002208226557469 1.1981808988625681e-06
1.5044478654198654 -2.7072854816778946 0.027381480679374112
-1.7024297889239595 4.47363746567469 0.0001321682949511449
2.2697947204733895 3.933136154562222 0.06128460998047367
-4.981363110246775 1.474561622276143 1.287947119190221e-16
-4.67661464263985 4.718990087139176 1.6530476888357862e-15
0.6444411502446687 1.5551424743181759 0.4210920467528278
3.3043441893118395 -1.9416826819299073 0.0002361328088965297
-4.240917272602545 -4.851193521469166 2.1324877990586242e-14
-0.7045668516103234 4.896074352150828 0.007883219982793652
-4.448119171308846 0.42758868083658363 2.340513778346343e-14
-3.9401584975202777 -1.4239354593329603 1.5168213712090886e-12
-0.45513397458982396 0.7232438992619397 0.02762132905387674
-4.866832691000644 4.384563322495916 2.3706370047902314e-16
1.266732503967729 -1.2615082288256496 0.06067685739245389
2.0093825313661897 -0.5730919658024423 0.03391697980922271
-0.09959058764624373 -4.116679438463113 0.006635459630091557
0.20135878338920943 -1.811656531499045 0.026701811824547422
4.262028926844382 -1.226581942725813 1.5853687338903609e-06
-3.805407219211401 2.628308413192065 7.694839986800968e-11
-2.6768421192842617 -3.047390419931756 4.2063869531573836e-08
2.641498918158054 -2.964248895297569 0.0021757635092698444
2.9590977612292093 -0.9929091583761727 0.0016070586938016472
4.788402229228915 2.5511103925110534 4.86276942533363e-07
-2.2187445613608014 -4.322205345485566 6.632338195793123e-07
2.446514475598118 2.808388235638163 0.09527435601953511
-0.1818454141629564 2.4927217530573706 0.20615555313035736
1.7004341305733908 2.2564027639448128 0.48617072123689214
1.270803983277549 -0.5530371110575985 0.08832682346253748
3.7031591354583036 -3.5930446460807994 1.7502325961568666e-05
1.6750083066238295 -4.581316092552047 0.012348699723302554
-2.3556098039217463 1.4480948018597957 5.582631202268259e-06
2.3343524051142026 4.669446920464894 0.028537114652835514
4.745940561652901 1.0709688021252202 2.483811778301774e-07
-1.3184066493722058 -3.7494792839222777 0.00011503567764601527
2.2341689419079067 -1.5587290343191516 0.012336080341991138
-1.4867043407602063 3.047624529131628 0.0013752881578069634
-3.6478362003154494 4.837118808137495 6.231495030533345e-11
1.3002237385221624 3.0601482895530037 0.6036655563877839
-3.7295586912739545 -1.053030824402723 1.395569210673781e-11
2.843364032420946 2.8219764504717233 0.02565098193267346
0.4589534663461725 -4.976281839704498 0.01306988927314644
-0.03900725365450608 0.8166302764125177 0.084227948882153
-1.1095211765631428 0.19663884301200785 0.00179504828353061
-1.9808678477750208 0.6442600462449191 2.9797089728625517e-05
1.7339110570743923 -3.5157451089434066 0.015607447981833805
1.565914054387429 -2.270110554276438 0.030306527811324153
-2.9500953323164536 -4.462019165382992 3.36900481857771e-09
-1.944222398632082 -3.551935621627603 4.545193574543273e-06
1.1185155497153954 1.0161844225253605 0.2898696933349805
1.7899139163221198 -4.775355983958348 0.009898545796854487
-4.930047336428192 0.8180239771497622 1.3262708238247898e-16
0.12049287273125575 3.4659896393688037 0.2162919904477991
3.844410000648402 -1.712078821491252 1.6175234248577685e-05
4.752072811443934 4.890449986401551 1.11233410485054e-07
0.45783144244593643 4.660243219931305 0.1270428753410675
2.8288543669624033 -4.75558441329516 0.0006550558345420273
-4.728811948051202 2.205725230042698 4.3383270996538e-15
-1.6789410767196755 -2.697479315564194 2.7084845264075872e-05
-2.3276719361025777 4.404986424142246 3.2138711323643785e-06
0.7989655647781397 -0.15941028746444896 0.1160949205809345
-2.16744122981828 -4.65486402474141 8.386776898436269e-07
4.521179121016001 4.0227644417817245 1.1719685452868506e-06
1.0238832346903326 -4.988558308429135 0.017448600384256593
2.616857877236977 -3.5853918685280006 0.001915259599223358
1.4218531143913449 1.0306463076936145 0.24917409700999793
-0.769877040096576 1.951468762889693 0.02905627876215298
-4.983665257064768 3.383426688279288 1.4244576814721494e-16
-3.3243903575782277 -4.519034250911113 1.498077234701818e-10
-4.483452782946449 3.760039704547447 3.1352846755558876e-14
-4.562089613135915 -3.5504013713165907 9.69894305857475e-16
3.1723598277508795 -2.786149434980466 0.00030616852736428744
-0.43231651621769807 -0.09810159266871565 0.016168035218952576
0.9160814199092506 -2.6274540973371896 0.03612055429507765
4.267553362986604 0.6722783239818009 5.08123218607127e-06
-3.2363588902597638 4.661761278980448 2.734989361173235e-09
-3.382450133925534 -2.5091508404700633 1.7345231878063292e-10
2.1480416700989258 0.26203762965699706 0.04311367432823677
4.513452567378099 3.8621021800602726 1.4251492035639564e-06
2.7439931519206695 -3.001829556343468 0.0015177126588501826
2.6654413881523586 -3.1753292663969432 0.001868664665303471
-2.683091842544958 2.759450097615737 1.0135358497687216e-06
-4.451328531928443 -3.51872867061605 3.318298555379515e-15
2.4177684299400948 2.4128542735057588 0.11094756419017089
2.4915095222491797 2.4236844771596626 0.08965701308696046
4.858384431568968 2.878174131997767 2.549883420672337e-07
-3.0758920042184137 -3.9879873880526704 1.4082623993509893e-09
-3.2691974407179822 -4.082836490898209 2.727968305859367e-10
3.7509296081600922 4.023590069545735 0.0001467982253041229
-4.860395017176389 1.013617847456354 3.563044518508166e-16
3.9979482562429975 0.5971006178669693 2.591520935756486e-05
2.936757362688123 2.8556152753792876 0.01771144039440838
-2.225925505012868 2.778828802405833 2.3660760393857265e-05
1.474409461291005 -4.738384094996548 0.01489834314424564
3.8553607467818587 -0.956262797295528 2.1896501150333836e-05
-2.1331062397972245 0.7857781996800508 1.3181427370094198e-05
-0.4439126456967868 -1.0282302571615052 0.009108869516804063
-2.8660842958647423 3.32608645283533 1.714172244708304e-07
-0.26107068930947896 0.31975804508348027 0.034243072287541934
-3.844524442814202 -1.3642386174207766 3.977995623549925e-12
3.667861588973949 -1.3141045658590067 5.1488075217460657e-05
-0.6086370006829878 -4.442627344317255 0.0015220990678589815
-2.7438617808789365 -1.5458830613070762 4.6554289868474995e-08
-2.7238642966805804 3.8387950036777685 3.1735916091292163e-07
-0.7721101267464618 -4.138627983181299 0.0009557163641270183
2.4681165838255668 2.539646200900868 0.09642431735762824
0.824399091856697 -0.13197734905176617 0.1193058362329644
-1.1361124862218466 -0.38086050742000754 0.0010980705402982554
1.3138038330910637 -0.3030395859732691 0.10005710569425402
-0.41932587057883186 -2.207367087800607 0.005710313641357119
-2.4394134989135594 -3.0396037849237434 2.2849072724764548e-07
-2.2502813701456303 -4.602598461729692 4.999492445584363e-07
3.7641254101671997 3.8006327854665187 0.00016621722350577072
2.093358656831282 2.157775251233229 0.2297234693133856
-3.3986314561220707 -0.43769606664608407 4.024687992188034e-10
1.324870155931678 -1.1228362966449081 0.06281616149043372
-3.8825484691980883 0.029410266611810343 6.069917022926277e-12
-2.8332918095573634 4.313290490034644 9.25480140032159e-08
3.9701416118624664 -3.7928144617759085 3.6150265411757896e-06
1.4416733938794835 -0.91487164426173 0.0639725017383515
-0.833319870030258 3.0979704815191162 0.022277282903446754
1.5748176129732618 -0.11310016847439108 0.0895115911307236
1.063562364916253 1.9465346764937097 0.6611911288658913
-0.6608067181958477 2.742397647221871 0.050367790834914446
3.7098703330258047 4.047253692464917 0.00017998062754413015
2.9325247618378896 -2.377786131240376 0.0009555345458886361
-1.438961647790078 2.8980825347830352 0.001921031940480979
-4.672402607644724 -4.364477502432384 2.1975494047547466e-16
0.017087482028095735 -2.263519804618305 0.015928841236770044
4.519855391224159 -2.549267464370304 1.5592946564108452e-07
-3.747467409748949 1.0614852834858226 4.979880029304308e-11
3.0520430173991215 1.623231704823425 0.007534479903681035
3.6195826989404303 2.664564977921591 0.0008529136813268278
4.688120069464652 4.176124150315594 3.0870821401594454e-07
0.4354251845638055 -3.183615504113819 0.021701059572028975
-4.107628646897734 -3.6847739972979845 1.1860939751925302e-13
1.2989339097759984 0.6808720929598708 0.2028097201950589
-2.077843364124278 -2.343502103106162 3.118113121785307e-06
0.5006215938441994 0.2504747664028262 0.12447914498931524
2.6384235591505885 -2.7865030254749836 0.0023419118106055388
0.7564106070227457 -4.179883851408151 0.020566844660752762
-1.6188091537616778 2.72710945970797 0.0008396150007604371
1.4767799746378865 -2.605573840554248 0.02921736430024472
4.054335939821348 -0.4628113111158525 8.900742620097021e-06
-4.722872216074984 -2.086638355744163 2.6867336854057673e-16
2.691874864847506 -3.2217888363134417 0.0016832960898118033
2.8895771325623096 -4.679118046509528 0.0005335963446628673
-0.03673139075118925 0.5075853466249125 0.06603107856208121
-2.846753890499847 -3.5692816385154202 9.847450027007897e-09
2.612282442145397 4.065891292396893 0.020348788723163796
-3.3349867613728987 3.036285449508055 4.636640770274402e-09
-3.724062337370777 0.0626582764343464 2.8458716286689452e-11
-2.007911671802325 -3.0184614414780633 3.717799042057177e-06
-2.7355118875896256 2.550677747984592 7.239753245320501e-07
-2.5334364401951492 -2.4473793821740353 1.4730630692733583e-07
4.220569796617831 -2.2384410354349358 1.323074573672695e-06
-4.682952856350013 0.7219462198655329 2.1597940465419604e-15
2.6004728097584495 2.518861644588899 0.06430414440204092
-3.7688386088858374 -0.8667862661744525 1.0597888484916814e-11
0.3383921951339204 0.9272636239101626 0.1757189045018174
4.514385546280211 -0.9683248853584789 3.269893829589753e-07
-1.1442982360952882 1.5956430653437241 0.004991328384275532
-3.37934109949362 2.803669473223085 3.6265415597306118e-09
2.177108217925946 -2.3810804544190134 0.009997132869481382
2.736118314705851 4.333626553834902 0.010760117851462286
0.10005611003959825 -1.4653733902063992 0.026287999531828695
4.824040098922923 -2.5923509862349627 1.643261195630525e-08
-1.6042407927168445 -1.303465318836543 7.237966947166989e-05
0.8823967868888607 -4.1981462625815205 0.021410207076563475
-4.223693834837054 -0.06199439924083361 1.816942335566802e-13
2.520575616045103 1.5608819372421978 0.047574819039043585
1.1440611674047307 -0.10465628587794029 0.12267428650208177
-0.16087917329489354 2.562948009740893 0.21583120928278957
0.2617638363976109 2.0484700186251956 0.41303126626262765
4.068127828706272 1.4053241136785255 3.403317056168946e-05
-2.1852120950303098 3.6665173549434407 1.5327204301588953e-05
-3.397618854310166 -1.8770380182580815 1.9607022556587673e-10
1.1555843019930157 3.6695369830860596 0.3801221991881333
4.017527690156443 -2.478786196625984 4.2733168216778595e-06
-3.1753326648394573 4.26465605743901 6.221399471271954e-09
-3.7106035176104726 4.658619525617757 3.937565551921945e-11
1.280250743637965 3.224919973198645 0.5357634500158922
-1.834622148656282 -4.996302466789818 5.643353435011548e-06
0.9809779003093411 0.3096236432389263 0.16666891103161152
4.845054593413961 -1.7828244677002103 1.941847744628724e-08
-4.731605986436148 1.7201722039294234 2.9897066718418656e-15
-1.2406254749881507 -1.749923771635494 0.0003427431990194654
-4.510635183569653 3.2546081955357273 3.6635466944779785e-14
-2.3486008154797555 -2.523636665663852 5.104928824354423e-07
2.5022246591675925 -3.713659412302742 0.0026299614419402952
3.8535412556066184 -4.585459389276006 5.658178553290081e-06
4.12563725757696 3.018319189683945 3.892183577874304e-05
-3.0343303553571377 3.573909943265095 3.629330288064889e-08
3.6109825655696817 -4.004916066211402 2.515859062933218e-05
0.7430889612868139 3.6414344817790063 0.3740213399564521
-1.533031958733011 -4.601121710175172 3.1665748165514895e-05
2.5467581025090364 -1.0559192735876124 0.006602194803921937
-2.5968273008625573 2.006995459753764 1.667928750066061e-06
0.7846301398246762 -0.5487752634976655 0.09096449200937116
1.4570295605645969 1.7770545673640834 0.4710740968000302
0.016453093304015454 -2.59432103755449 0.0139983031426749
0.3745111366076017 2.749943029482842 0.5356321503734129
0.48210636912361693 -1.3474727376075069 0.04778741679140275
3.398123932236107 -0.3792894328073393 0.0003350370539273588
4.565998707543322 0.28018109012301284 4.898584895575963e-07
-4.559056266477958 0.8203341699912068 9.431642243496397e-15
3.26375969040226 -2.1608526814264417 0.0002594951350961885
0.37117965461669566 0.04024892346570308 0.09287801923533708
2.3876890186399162 -4.86333389435321 0.002630457108260994
-3.152099056780271 -2.596223188351429 1.1986200885229445e-09
2.0360772909815488 -1.7167270168270043 0.018009004504517583
-4.621281937512334 -0.059526359237551674 2.4403007879097167e-15
2.945442460666108 0.6867025406509155 0.005061136789598686
-3.8195290737968177 -1.2173980482625604 5.440338830744752e-12
-3.464181252573008 0.3426537975427948 3.7802385661068083e-10
0.6513097747740861 -3.3647879157030625 0.0248770207020044
0.23500783117729007 3.31843671360822 0.2978798194316776
-2.504230167769077 -2.3375437567038593 1.888241113855713e-07
3.562957119905475 0.589847420641548 0.0002894707522156314
3.408392808120608 2.552091217376166 0.0025163743385452674
2.789591034409807 -4.519213992549176 0.0008055360589466256
3.1650937648413766 1.5462086464938842 0.004364789679521556
-1.2157562670302346 0.14766010141642205 0.0010953609360126806
3.930008797074283 -1.6569814259382696 1.0113216961648062e-05
0.8151780041851495 0.04692311533743165 0.13389762733773236
1.28882386954416 0.11845142447914725 0.1338759747722661
-3.4651478517871515 1.3136672406807186 8.414510270695566e-10
4.657890253618536 4.905492287298973 2.212161568085441e-07
3.6336679052848435 0.5392011570593329 0.000192666241225827
-1.7846001799750155 1.9007398946028173 0.00027517177388721397
-3.2721849935735268 -0.9074870546916269 9.244091858256321e-10
2.723345963144501 2.243704497405579 0.04053714071727834
-1.7778098908264575 2.9590171864257737 0.0003158283967012074
4.837641302233308 1.4666292649757757 1.7714003677481294e-07
4.504422851856763 3.4512022613439512 2.2040957997877134e-06
1.0276278764457727 -3.050717639964624 0.031215946113881843
-0.4499243397609849 -2.8741270711363134 0.00406158343926377
-0.7215918149197451 1.7458815834370096 0.029184424202156802
2.764260804310328 4.336156259629716 0.00973087985134549
3.1978171425553743 -3.9394254352508584 0.00018711124437031194
4.977818809741839 2.8326556077081833 1.0248256790259289e-07
-3.0590241510348637 -2.801835995572991 2.3861430587813216e-09
0.22212329754331517 2.232545481815409 0.42942225212431523
3.4565935893975848 0.44413383176984667 0.00044113384929606226
2.366811277845918 -1.544586559293497 0.008793684297802655
4.82436268095921 0.46323536511780894 8.315585081077471e-08
0.7865530718741907 4.6075228222504485 0.16935865384700544
1.297291574291072 -2.9907583062176912 0.02920117404715319
2.9698698284240157 4.450068303817597 0.004126283408394677
2.903556228590767 3.704153545149243 0.010071147948096368
3.2806721904564355 -0.14620215714768126 0.0006715710696938858
-3.446076920849878 -4.234800947645545 5.585349384006892e-11
-3.4523916615865033 4.839937860312382 3.6826916002652023e-10
0.9213674673074568 -2.794354252157154 0.034000329948841806
-4.848842705745561 2.939460643858048 9.98267004612784e-16
-3.604918552899401 -0.24084784553005356 7.08819991226063e-11
1.4769295890386633 -1.8953439919089767 0.03882016318164786
0.6143886669897949 4.281679785022419 0.1970177311215251
0.6393610193263619 2.2758398390359957 0.7022946537997561
0.8607046848141389 -3.3957201893749134 0.027274667164735932
-0.6353868628448947 1.0817769128276193 0.02146817453327412
-1.3654529460345644 -3.053378848307553 0.00011594979280125596
3.013121241712973 4.792454569547516 0.00269174375004213
4.479343055518017 0.18406506641107967 8.421055986683528e-07
-0.5273944190270221 -4.75176063451168 0.0018035745796466547
-1.8694874066984668 -4.479588997742054 5.318747173627431e-06
-2.071258866075442 -1.102871594871754 5.646290595201792e-06
-3.499091169022365 0.7616351404430324 3.8333587824593776e-10
-4.829907931274619 -4.84313854932386 3.1474006460522776e-17
1.389109119536819 -1.1338462514692593 0.059667364311775925
2.1803247364291325 -0.6306030146606556 0.022570238087112584
1.51358874477798 -4.4809368811654435 0.015383417842046238
-2.265999790218868 -1.239612493558174 1.5349034511558122e-06
-2.0489373007677427 0.7054772775045182 2.0765265376930444e-05
2.6853660424562262 -1.7324735043969266 0.0030553199658866206
-3.191948394699984 4.8852471328530385 3.390067832351468e-09
-4.149300073722654 3.5325155144243485 1.346723685333352e-12
2.573883133024383 4.050546221217866 0.023302231081808282
2.6856114709349637 -3.3551920178599746 0.0016444530388402597
-0.9735056859497524 -1.5235114686341689 0.0011702450906680329
3.45835063473697 -3.816453265830563 5.774711725066035e-05
-1.1726908072936282 -1.028915021986542 0.0006525894823524958
-3.472341989566692 -0.7893388318915129 1.7116484844853307e-10
0.07243535076477947 -2.0028678519283085 0.019696707720508428
-4.41858627557307 0.14772859586917342 2.63284871135451e-14
1.6793681167860361 1.723259309871132 0.34952722231375444
-1.3457752614571596 4.0181074313849905 0.0011630001402575826
-2.3904827311625123 3.6480182068260003 4.0418155961559305e-06
2.249118970643769 2.575783635036788 0.17422733502268606
1.850020421850048 -3.2642402185782524 0.014103104532923712
-3.5264675356086936 -2.412924258525162 4.989166241965099e-11
4.749535757233282 4.991281206294055 1.0583612135640463e-07
2.9602511452547056 1.7988942008983138 0.012673660297146436
4.68168442660642 2.4709685733494693 1.0807839716533928e-06
3.214152728004052 -1.6017657501125182 0.00041211700231299125
-3.601048606358913 -3.0261998069758334 2.016261756666342e-11
3.157843674643715 4.17019299837615 0.0023816388728476745
0.3281978291264753 -4.192054377930169 0.01384816162819068
4.449013147612849 -3.1953940316536267 2.0274159492805772e-07
-2.759679737370513 3.332134212109022 3.8383133539603517e-07
-1.237017209608593 3.87218433642159 0.002176334113047406
4.292206819442882 2.4427088997400475 1.6310870183428367e-05
-2.0916785461558285 4.558261935128797 1.2986488707907503e-05
1.8988947001517396 -4.030815040883987 0.010164829186252364
1.9570885646989788 1.5856142598322007 0.19650736575426883
-2.9408550649409926 -2.501330476268433 6.866537864153224e-09
2.901974286487593 0.09419073923069288 0.003842281789789568
0.41167783373454636 0.945958334946484 0.19568923526778043
-0.07991277163624932 -1.4863289809756397 0.01822879124802557
-1.1028586455979306 -1.6995091421586581 0.0006376137359322818
2.2140925990533287 -0.5284754307355746 0.022079664403590823
1.245614287580164 -2.3157360299101013 0.03859805302769361
2.3710588268707706 -0.7115370637529859 0.013255225664174912
-3.544704308337665 -4.387097135064578 2.2029884460069182e-11
-1.0238199357700761 3.02052454940741 0.01131356611574379
-1.2091093978685405 2.572982134403496 0.006301833055603546
3.208681495224603 -1.733708776722409 0.00039793049543851027
-3.947106220100798 -1.5755271644451563 1.3197013537910983e-12
-1.2498902221292663 -0.41357958013496265 0.0006536152668677036
2.786541262091095 -4.010874475540397 0.0009428611328357598
-0.20930613241802032 -2.990681482571762 0.0073905103025611795
-1.6436956386202208 -4.0080462489862345 2.1165385545976118e-05
3.871133939227928 -3.884142625648057 6.26794514684014e-06
2.021847083385479 -2.781208200631502 0.012099322595498452
-0.6887629620405278 -4.87314998415094 0.0010390546333433146
0.19381128256618396 1.5305697128607108 0.2439845644073792
0.03156056461397494 1.8989555961570872 0.2507335330819597
0.35075995142370964 1.0651259918472498 0.2013136517166032
-2.199958504450552 -4.79291134063171 6.56822897040284e-07
4.273394577281893 -3.8401972389622605 5.364207140476601e-07
4.219744717758822 -2.618278544135091 1.1483535207210491e-06
-1.764103159311782 4.146268579676594 0.0001229349924015665
3.025757711765003 -1.4849383703724337 0.0009667342585624203
-0.34553141615845195 2.451269124340798 0.13604721173290474
3.018743943905667 4.9351979537757025 0.002382357195330263
-3.2036583300154575 -1.5569556220150438 1.1987546225626377e-09
4.584201302416705 -2.841219612053716 8.86464874393884e-08
-4.3005627926917995 -3.7907379275627937 1.5406368579558665e-14
-4.651290709020831 1.6530376091370247 7.033948049666672e-15
-2.6245968807617057 1.7119177641328296 1.0815354959359268e-06
-2.9166262820466784 1.0081579087941774 6.356289317113346e-08
2.4220131809527947 0.19969492089888607 0.020392252222545846
1.2233450507786756 3.745440185818529 0.34580108437084095
0.7963741204707917 2.0271236774391728 0.6739085806321571
-2.6308067199602405 2.1398743862214564 1.4159588635466232e-06
4.450856889322601 3.8694363432135894 2.1895075457620642e-06
3.534886139601255 4.3710926974049045 0.000344498640060951
1.747512272859817 -1.4136860094795511 0.03462563383820144
0.40156579861511776 3.971428304715065 0.20771640918859793
4.303284169098273 -0.6558440063373538 1.6348424189400117e-06
4.5601773616536185 3.044094645310132 2.091385519084172e-06
-0.435007959931232 -0.6692969312602228 0.011343369400531812
3.9684708855314526 -4.599397886487266 2.886779093399477e-06
-1.2793955038217408 3.4528329682533716 0.002628527105339611
4.775278407954783 -2.3829324315927902 2.578887684063044e-08
-3.597702330584147 -3.0089032662519912 2.0918704649215704e-11
3.024482958734586 -4.010333672447894 0.0003808017878822826
-4.201035588580079 3.911188035755867 5.597718658278017e-13
4.059122740044302 -1.6093042668778512 4.7689176164173574e-06
1.3556290487220295 -1.7937980528737718 0.04487509244155766
-4.654669678929935 -2.382194361890706 5.184973025808471e-16
3.976327827253451 2.777718362637792 0.00011131564516097914
-0.8398223241259615 3.166262161823534 0.020609134964019397
-2.335333143591205 4.090231312686516 3.954947625072551e-06
2.56134168332538 -3.7272850880986717 0.0021849897126897306
-3.645881250403421 3.1939961147427294 2.5139982519262423e-10
-3.204121509751382 -3.1074296225153875 6.459646823800123e-10
2.8138866499375137 -4.156083980861029 0.0008185525068555838
1.682031160647809 1.652179991451912 0.3273040079370697
0.5299354574467143 3.432568064204851 0.38737726202079675
-4.581776438870319 -1.9586617261063544 1.3968774862955958e-15
4.167086025925068 -4.804079558464043 8.07321486663072e-07
-2.8328492460827484 -0.16480876967412073 5.020585809093851e-08
-1.3085235018302246 -4.634047068491172 9.30528837093111e-05
4.889277140504259 -2.6408136281160797 9.756763000456446e-09
-0.1083758344052459 -2.2750120634189663 0.012196799934822767
0.3469807273799983 1.8273167360278242 0.3950570312470974
1.9136598618373126 -0.8160954594835568 0.03558174781336471
1.2667773937904485 4.710597568587243 0.15300524501921278
2.7432222125133574 -2.2217175760289134 0.00203838998115189
3.68727702928312 -0.22928277559342103 8.448810998368611e-05
-0.8196925891479943 3.3964470487202227 0.018201790302068935
0.841480811847827 -1.1570651019443066 0.066912061266375
-3.5333921039700265 0.7178574574285266 2.7130258838013577e-10
3.577451150396735 3.915358497923977 0.00040670716425856966
-1.736009106663249 2.3869562501299058 0.0004625942856199357
0.6118031130340587 -0.8990836393106996 0.06743954548603488
3.659771071827093 -4.3873823401610315 1.7405107125245534e-05
-1.1665068944005008 -4.913592650498019 0.0001629640346230535
-2.299919598558847 1.046482394332136 5.6309241723849966e-06
0.5240893955872261 1.786204156439232 0.46640801022510237
-3.9468496531072828 -3.0511984081289665 7.359964209485515e-13
-1.9248078896807064 4.939833354897674 2.6937175555973414e-05
3.4325918189964426 -2.1603836567000823 0.00011745246136266255
2.2577320772070877 -0.6100332281148955 0.018909159158800655
-2.650365877096518 -1.239064233234238 1.075629669447597e-07
1.4208612991128948 0.05985243918413374 0.11708669686767229
4.176680004704922 -1.4137965557261678 2.5087281402866243e-06
4.260304518493141 2.8628531206583085 1.8165004760643732e-05
4.8151963271643545 1.0008147546345025 1.3836251096060686e-07
-4.922775293452873 -4.494790043011234 1.1619711945916818e-17
-4.978498500521652 0.47171391570906884 5.647245297666195e-17
1.396502208074204 -2.0760961888693066 0.03859511471247913
-1.4195206872143853 1.812524933077225 0.001714776047283895
1.5023628862668126 -4.0398485328582385 0.017670346490895893
-1.1239057786947173 2.3126476819410735 0.008896223512797473
-1.31075297639386 -3.8819259376822357 0.00011442894206707418
3.585600361468078 1.9100203686028152 0.0008068747739775276
1.9418502283975876 0.667675681008312 0.09037054798967376
-3.132194947706637 0.8301468030117292 9.62956613387003e-09
3.831710193409098 1.6646443363261731 0.00017350780113805256
1.012845427121106 -1.054734063781293 0.07226259802936018
-2.771381460373399 -0.04536310953732503 8.661516181122574e-08
-3.929080679973145 1.2183029263859133 9.879024690697428e-12
0.8998551648528057 -1.3464701896989384 0.06189437503617448
3.724191596641722 -0.21932942571311376 6.962605544795176e-05
1.096890367773998 1.8068212440924931 0.5895019801370021
-1.777198374914919 -4.23467829134852 9.602525931669115e-06
-2.463818777379718 -1.1077277969332657 4.3306088791017346e-07
-2.07595030106288 2.1495651002353258 5.880848277738425e-05
-0.8608459619508135 -4.3133612105933015 0.0006581746447576728
1.3608064330474683 2.790711820398882 0.6834777184547198
-3.6865210651108637 2.0859322673759735 2.109605873065431e-10
-4.074529726916694 -2.7176074457284383 2.3060602383859913e-13
-1.7197746772922882 3.655577218047144 0.00024177345079887967
4.884105819820142 -4.267698592694746 5.97033538872035e-09
1.8448757551365276 -1.0542327180376665 0.035407167293804775
1.2231850414462038 0.8244707716492838 0.23741306507646767
-3.321973328587362 2.1682157713246655 5.892754755605898e-09
-4.585161210317665 2.233975675356441 2.2312085154046115e-14
0.5030646793337556 -2.3053242966177656 0.0321592082707319
-4.523453434641619 0.47888170170393884 1.0648097356252552e-14
2.5074684659717157 1.5923161088423496 0.05092086077988869
-4.920483519257608 1.8817106840905007 3.782436885686524e-16
-3.923740704912093 0.7157620993046674 6.752751017319909e-12
-3.3235910096966004 2.064846251465169 5.4793379573661765e-09
3.326227606770395 -0.3489187566632399 0.00047933802507661266
-0.7769388880287291 -1.0686197043818257 0.003052120095937376
4.424063706953961 0.8502243343680957 2.064231125143798e-06
2.9082707483040515 2.61198611622942 0.02161829534702225
-1.1467477257173897 -0.0011725979632721817 0.001336733023998793
-0.0952791562495321 -4.91262653983139 0.005366334159760892
-3.0353015345489274 1.1166496517525015 2.7216109572747505e-08
-1.908953988577701 1.6420165881962747 0.0001091587512545227
0.3956239978332583 -3.286327018218093 0.020010881613712662
-1.2189954056606989 1.7328516607625772 0.004065058450083135
-2.008909601415821 1.3660671484439142 4.705784247212616e-05
0.6864047736617831 -3.616101548825518 0.023476208973518955
3.523020234441276 -1.141031801394515 0.0001189487753415268
2.3217956960111596 -0.9250698813405158 0.013476883290297784
-2.982694518479223 3.3403829190805645 6.77805773242332e-08
-4.8297799543208 -2.2168618841571064 7.409726579761959e-17
1.3307963781452514 -3.2528584570609107 0.026136122766753162
-3.9554965055043843 -0.6080433398980265 1.9917134884630864e-12
3.285798193140055 0.9915104201231584 0.0015482601286098618
-0.0729512600998552 0.3814556873542809 0.05559713904608017
-1.391804272374455 4.908586468023827 0.00046810313142935784
-1.2330539708982533 -3.949044589796026 0.00015960020582690083
1.508196144114752 -4.345174545761315 0.016072606029057787
-4.200187423107156 -3.564943666154312 4.7449890028079987e-14
3.5971555092503653 2.6315083259125425 0.0009664824063091949
4.835646584960395 2.0382396258020465 2.886481444822321e-07
-4.282369007984467 3.1247873583494012 4.788532239290157e-13
2.792612142519606 3.49933246529854 0.018291682647165148
2.7985679262184595 -3.3594131675752124 0.0011078870653358345
-2.7504148937587813 2.6868508238726383 6.30588337599854e-07
-1.3900229530514316 1.5356023521876434 0.0015517667013508656
1.1336364367827256 3.980717402106034 0.2895483766726007
