3.706063 10.780686 8.118132 6.037205 5.454934 262.066301 
3.552786 3.333952 7.837793 9.973428 10.539610 295.721173 
6.957247 4.448915 7.936222 7.703877 2.185839 195.307366 
10.033904 8.872532 3.438299 9.360479 6.818839 325.338076 
10.895592 4.293233 8.799068 10.246923 5.181587 346.417656 
5.704197 7.327510 4.917562 1.238110 8.972622 192.453526 
9.771356 8.391439 10.479211 7.595452 4.917390 357.581118 
9.803841 3.313820 4.036135 2.985096 10.391026 240.271306 
3.993942 9.214286 10.996166 10.251267 10.184582 430.584498 
1.141181 4.741582 1.119278 1.748984 9.891283 125.934092 
10.113227 7.758069 3.030309 5.736391 9.761962 299.849857 
1.351772 7.875284 3.490027 10.919983 6.629170 239.219604 
8.789438 7.447729 3.690058 8.479517 4.432773 237.891107 
9.722015 5.356061 10.396348 3.140742 2.751211 248.722437 
6.735177 2.391092 7.659640 1.715006 6.648721 156.896753 
9.503831 6.141062 2.342148 4.818393 7.612933 214.694777 
7.546184 9.285158 8.347227 2.870205 4.444653 240.828261 
10.495507 5.468112 1.013392 8.941056 8.057498 285.948631 
3.320169 9.035070 5.925487 4.484481 1.818029 151.183217 
7.480889 3.951443 8.865025 3.666698 7.888548 225.840132 
4.107121 3.748973 8.021162 7.901597 4.168909 175.077316 
6.655531 8.126755 2.311300 9.395292 4.627609 225.368629 
8.194627 4.834256 10.722629 8.478769 9.272543 363.366301 
7.148227 3.890325 4.661382 8.784617 6.407384 206.184314 
8.370971 8.642300 3.790813 3.915601 7.967558 237.946683 
9.184174 8.437804 4.144207 4.970984 7.297768 250.688135 
7.873421 6.442368 4.450849 3.746868 7.302718 190.673631 
4.170788 5.145827 3.625352 6.405870 8.909247 177.428041 
3.287890 3.301258 8.310356 10.167880 8.835787 272.227455 
5.410628 5.806470 2.999970 8.320945 8.972652 221.736408 
4.436880 10.342756 4.866191 9.871732 4.554447 268.532422 
6.985003 9.322165 2.615469 1.038670 6.923808 191.551657 
3.760313 6.907333 1.401140 3.796900 7.521282 134.800527 
6.608082 3.117175 9.837500 2.624082 5.093623 182.990734 
4.134664 7.018219 6.901757 5.759610 5.182309 174.014537 
10.252934 3.191757 1.877335 5.698896 2.087301 155.668585 
4.422767 6.721572 4.041933 1.976455 6.389420 125.808675 
8.860384 6.791095 1.228072 1.250852 10.972229 248.087960 
3.158530 1.995243 5.976913 2.069372 3.133622 63.782678 
1.500525 7.834281 9.402368 6.720036 8.207889 264.560359 
5.875547 9.347436 2.434025 10.756116 3.255983 254.116544 
5.716883 6.276789 3.575290 2.956485 6.711500 138.648567 
1.139732 6.222901 2.071645 10.642211 2.931554 166.165860 
1.264603 6.227503 5.761607 3.227194 6.969160 132.561112 
8.426995 10.471043 2.376524 1.039830 7.873475 249.377698 
3.894633 1.992951 3.055533 2.146723 4.027548 49.305866 
2.049984 9.105887 2.331748 5.318131 5.246019 148.359892 
3.067839 9.649584 1.982570 4.382376 6.546325 168.516291 
10.684146 5.558222 4.299832 9.228134 3.028091 257.861138 
1.712803 7.110952 5.938111 9.252744 1.414585 176.374821 
10.597861 1.901721 1.288120 10.084638 3.037032 228.513952 
6.374353 9.622039 1.144158 1.126919 6.310942 175.623045 
8.225465 8.748358 5.890549 3.867759 6.465086 235.647499 
3.308420 4.779527 3.591237 2.906365 3.085500 64.653778 
9.758935 2.116730 4.150138 8.961280 6.799009 243.472054 
3.300963 9.798416 7.758927 8.532944 10.770865 355.928913 
2.378030 5.641928 1.410194 3.317860 9.889153 148.278579 
9.397540 8.664909 2.193141 4.022904 8.100203 250.001316 
1.928483 5.101916 5.028248 4.396712 2.516927 80.697874 
1.509215 4.473892 10.836884 1.702871 1.050393 143.734590 
2.202556 10.619697 5.951639 1.981501 9.527132 247.743835 
5.373985 8.057858 9.813650 2.344904 10.935050 315.190420 
2.220026 7.201632 5.037436 8.229498 2.887965 158.232776 
2.615720 1.460100 2.049439 6.973361 1.496176 64.040386 
9.675283 9.778471 2.371130 9.961413 4.671723 315.906606 
2.415599 6.718133 4.198475 2.507579 10.869571 193.031144 
6.771930 8.368532 10.531297 9.156019 7.166082 361.985007 
6.942807 7.720322 7.231182 1.125978 1.635495 164.038598 
3.480949 4.292201 10.490026 4.771849 8.195620 230.519364 
6.023924 1.250817 9.915274 2.714032 5.693968 175.952105 
8.107517 7.072199 5.201749 8.603056 7.906537 279.331924 
2.944482 8.775959 9.986018 7.594959 2.346697 248.598364 
4.966958 10.970892 1.199890 7.051349 5.451615 225.912509 
6.843258 8.121820 10.361807 6.949015 4.886817 292.330979 
4.143733 2.883403 7.577871 10.229943 3.725782 201.441864 
10.688269 3.825901 10.915296 3.038802 5.755675 290.382429 
2.763167 1.853890 7.633452 7.705458 9.977475 228.265666 
2.622036 4.841487 8.979847 8.589896 3.713138 198.526445 
4.093655 7.019576 4.891908 7.286033 9.155252 226.868131 
8.634164 8.747280 2.961075 6.332000 5.273164 227.732145 
8.650738 6.641500 3.055715 5.866664 2.672629 169.842870 
8.420899 8.156479 10.606019 4.665102 10.261105 376.980783 
9.765800 7.640934 4.431749 8.502501 2.070088 249.972912 
9.083508 5.078163 1.687879 10.200486 6.340015 255.392492 
3.721449 6.508036 8.146482 8.925256 4.055511 218.676261 
8.816951 8.520127 2.157596 2.606057 1.880614 165.314644 
10.674695 1.977054 3.324094 3.115061 8.384230 208.906372 
10.930796 3.772817 10.845511 5.858222 2.673948 292.810340 
8.472635 10.395591 6.980736 3.172454 3.129401 248.442122 
9.156379 10.958651 8.028657 7.325479 5.988840 357.919483 
9.145325 3.126375 9.522983 7.685462 2.185673 247.941882 
4.765997 9.471382 1.294521 2.700189 5.470444 151.314378 
5.761062 6.279728 4.411691 1.059422 2.279754 98.407481 
5.436759 3.268487 9.836757 8.687253 7.323841 266.110156 
1.498218 1.381710 4.392122 6.547719 2.467191 72.404170 
3.145351 8.890304 10.694708 7.195170 8.835229 333.139251 
6.608226 9.580698 1.188087 7.443972 10.852429 310.057906 
6.692332 7.308531 9.749550 2.879504 9.113108 284.595938 
9.536260 8.547936 7.166659 2.217107 2.456889 226.320349 
6.459953 3.735030 7.604829 1.857548 2.506683 123.248813 
9.792669 9.982106 8.474077 9.032617 3.736887 362.901270 
10.282062 9.797981 1.008561 9.738367 2.496532 303.806903 
3.201011 8.376032 10.936089 1.630033 1.328385 204.424034 
7.657904 10.653282 4.846496 1.026016 5.908943 231.592746 
2.839175 9.063737 9.771233 8.228929 5.829931 287.392625 
9.335889 2.595095 10.082014 6.325379 4.500418 255.804533 
7.547482 9.257589 3.957810 1.403464 3.829281 174.964802 
4.803921 2.994363 3.128845 1.383996 6.755467 89.385319 
1.866678 3.363287 10.107182 6.846640 2.240739 168.848695 
8.427116 5.585298 5.863981 7.373912 8.146502 257.338171 
6.125189 7.793203 9.288226 2.344170 4.231590 207.924594 
3.966524 5.124858 8.104611 1.287662 2.224199 114.287338 
3.855184 2.316002 2.865764 9.722508 10.049275 223.953995 
5.119662 10.095701 4.033010 6.025182 4.367338 199.775748 
8.099539 10.100632 9.165156 5.960151 8.963226 367.488193 
2.389644 3.360233 2.754892 2.207787 10.920131 148.714577 
4.193347 2.100726 3.338886 4.377832 10.266471 157.711206 
6.765471 3.309431 10.040397 10.915742 9.633761 369.496278 
6.344376 7.638264 2.761852 9.951710 4.359779 224.266209 
5.202280 9.042540 3.279084 3.330091 7.587273 188.239842 
10.562420 8.405854 4.014236 6.108140 4.816243 258.842765 
4.102757 8.534179 10.907210 3.017415 5.820238 251.612015 
1.525042 5.822781 8.901228 5.500530 4.197092 163.333814 
2.271246 8.873846 10.777249 3.354586 8.477085 283.167014 
6.313712 6.761442 9.899297 7.436562 7.673363 297.759084 
5.447928 4.780831 7.139868 10.438096 10.277440 318.093594 
5.294520 4.922921 8.866306 2.978574 8.716531 215.728288 
5.086225 7.457338 9.382995 6.577730 2.174142 217.515590 
1.575226 2.580579 10.714945 5.160711 10.580889 262.538925 
7.325684 8.190099 7.391474 4.924073 1.908210 203.265011 
3.165458 2.583252 5.101371 7.939255 6.284760 145.247290 
1.543397 7.384608 2.404481 10.886972 3.088315 190.759878 
4.517594 2.488330 7.431866 5.788218 3.882015 130.406571 
1.645315 5.284956 10.542832 4.900569 6.107292 203.103707 
5.316253 6.628848 9.241633 2.448107 7.831752 224.941535 
9.611723 1.700614 3.185490 5.431201 8.166467 201.613779 
5.341397 6.176607 6.417356 5.663770 3.380400 151.368837 
4.977010 2.729499 8.165422 8.103250 8.614820 238.772693 
10.634903 2.208389 7.915317 5.428083 10.508333 320.519536 
5.626401 6.688447 2.724570 5.528643 7.031763 163.826568 
10.842174 2.149177 7.228416 9.453186 7.556184 320.880320 
9.635971 5.453050 7.712932 5.898923 4.732646 239.272238 
10.665354 7.723771 8.167483 10.978922 5.798429 394.272699 
9.332402 7.598933 1.407062 7.456167 10.872622 320.625657 
9.136354 2.865848 1.592236 3.996207 4.996390 135.154839 
6.330086 4.071510 1.719400 8.828068 10.212387 241.831155 
8.461239 4.842118 1.199541 2.897292 4.321830 123.550093 
5.327041 10.964588 7.021491 8.977378 10.878876 396.844145 
8.651133 7.236023 4.649059 8.982383 5.141576 255.934884 
6.572186 8.190049 6.367674 1.582741 7.020671 202.612692 
6.647143 10.359652 6.910250 5.458084 3.615094 242.118046 
1.837255 5.894668 8.267803 9.274104 4.947897 216.969871 
1.564331 6.338749 4.708613 10.196326 7.585147 226.297421 
8.932640 3.136218 10.216929 5.320611 3.827063 236.968875 
7.955021 3.479921 9.331742 8.075072 9.336035 314.841962 
8.556329 8.228490 7.624314 3.786127 1.517664 215.687028 
7.803597 6.842820 9.200332 3.298290 7.475434 259.127257 
7.767795 4.587449 2.960117 10.681848 8.677107 279.539677 
1.692042 4.815167 1.577755 9.314558 1.527350 117.631935 
10.184748 5.010014 4.672412 3.174656 6.408294 201.805431 
6.164759 2.074266 2.818197 3.670011 5.381881 92.682689 
5.192249 2.251254 2.569170 7.952816 7.707351 161.278780 
8.391856 1.280348 8.292247 4.024634 10.369328 264.544543 
5.018271 3.457206 5.539260 2.294676 5.147215 99.578074 
3.614527 6.810163 4.854420 9.603698 3.273502 185.955344 
8.764076 10.956264 2.988102 1.981530 9.183529 294.041176 
9.080547 9.590838 10.629979 5.606716 4.558370 339.650956 
5.027549 10.004361 9.887421 2.732211 8.339479 300.136491 
7.945848 10.678308 3.653455 5.730231 8.923430 302.973649 
6.584140 3.957822 7.247900 8.842766 5.917825 224.762471 
5.880603 7.480259 2.670964 9.185063 4.703629 204.159315 
5.898658 1.935780 9.953956 1.211706 9.488592 229.124268 
5.029878 5.938795 4.710708 4.765285 3.406565 117.072359 
6.897721 7.389989 9.460849 7.282381 10.398548 352.861038 
3.712561 5.347547 8.545101 4.984793 4.666414 162.021707 
1.468285 1.015852 7.625115 7.470256 2.141691 121.721766 
4.992192 1.954424 6.806620 6.564153 3.288279 128.972708 
9.988955 1.240707 2.366528 6.048935 3.789610 157.869791 
7.985056 1.493954 10.183820 9.413373 5.886229 292.962484 
2.320524 1.572255 10.250060 1.229756 10.932195 233.945731 
6.659585 1.798334 4.620880 1.540278 1.983620 75.243817 
5.898280 3.788815 3.528726 10.751918 1.383957 179.115804 
4.005415 3.784354 8.330847 7.903480 9.600113 254.394869 
1.362200 8.850110 10.529896 3.321268 6.464074 243.873821 
2.655799 7.752985 5.271161 5.659171 8.092795 192.466726 
10.497921 1.394769 1.222010 7.707540 6.872842 220.287175 
5.335679 9.998148 5.288234 9.450804 2.226848 250.674401 
4.473287 3.577160 1.285097 1.558308 6.440486 78.366023 
4.790868 9.953158 9.554846 3.915485 10.626405 341.564363 
4.876927 3.711350 5.962548 9.909532 10.674344 285.250965 
5.440091 5.938787 2.295452 3.404273 2.981657 90.612241 
7.099667 4.844257 1.935818 7.696471 9.050201 218.761306 
7.502668 8.439104 10.979473 9.605706 9.807824 436.520330 
9.250555 8.001349 2.732443 7.912705 6.977932 268.363040 
6.738292 5.796005 4.876869 7.097218 2.286831 158.382186 
1.536878 3.535350 5.554001 8.954439 5.792593 159.443739 
5.104823 10.786789 10.142125 9.854392 1.989898 346.345479 
4.225347 3.432493 1.903388 10.394752 5.277466 169.160954 
2.632407 2.788391 3.696246 7.761168 8.338527 158.133677 
4.186632 5.795010 6.765837 10.313659 3.361267 214.556256 
9.058021 3.360040 7.208856 3.388951 9.333818 243.910369 
4.245162 10.025046 8.482093 1.720245 4.642491 214.980821 
10.118220 9.622486 10.745213 4.547835 7.445905 386.554518 
7.904914 10.373435 3.582251 1.599474 10.703310 300.047503 
8.964264 5.416745 1.659539 9.481110 1.640169 205.034825 
4.653055 9.336412 4.152311 3.067637 8.858835 213.950553 
3.312372 7.836373 4.788519 10.324691 10.981055 322.493288 
8.120356 7.253873 10.276714 4.715263 6.292133 285.994353 
8.656380 6.144720 9.695417 9.055655 9.680496 382.408493 
6.337945 8.018874 10.857587 6.857061 3.216768 279.725977 
6.143923 4.963851 4.509688 9.614212 6.458566 216.871033 
5.990591 10.121223 6.276459 8.154422 2.014654 248.273712 
7.881652 3.176407 7.647889 9.150289 7.223047 266.600386 
10.657907 1.790543 7.125222 4.134010 1.035262 185.727626 
7.036316 7.294172 4.352793 9.967201 9.098201 303.783846 
8.990053 1.232718 2.215587 9.088122 7.487557 225.906950 
5.570936 9.646563 7.439080 2.941747 10.476656 297.845600 
3.651808 3.978956 8.285446 3.209787 2.582529 114.788593 
1.917339 1.029000 5.732987 9.446530 7.750897 186.915498 
5.695595 2.047898 9.821443 10.764707 10.243704 353.906836 
3.926565 4.853666 1.257581 9.513764 1.976672 134.976436 
5.324342 5.402091 3.937829 3.612733 9.753224 181.214925 
6.730557 1.068893 2.117012 6.477421 4.705684 115.025114 
10.922623 2.728506 4.767829 7.706520 4.397434 228.208522 
10.386560 7.758135 6.717270 8.501947 6.246195 324.489047 
2.697913 8.507285 7.675213 3.192768 2.573522 155.378300 
7.037287 7.358406 7.370785 4.508285 7.710121 237.768626 
4.443384 8.938295 9.631624 1.201893 7.926395 256.677241 
1.427433 2.881879 6.472016 5.723543 6.525829 127.575175 
5.450337 1.307073 4.382412 4.061414 3.778049 81.388880 
4.788972 1.823762 6.935858 7.000618 8.288739 192.078340 
8.264896 2.804397 4.978027 7.864831 9.203013 247.504922 
2.367124 7.492216 9.566770 8.406892 1.737795 226.955438 
2.439577 7.184143 4.991362 3.771703 3.714715 110.501994 
6.872493 2.081952 3.309662 9.285396 2.929523 157.320236 
10.452578 2.110829 8.481478 1.697527 6.583024 231.865265 
6.542419 10.162564 7.644039 10.263193 9.640951 402.793347 
4.852910 9.805636 8.668591 7.049401 4.120013 261.514260 
10.339384 5.681222 9.588294 6.902481 5.251068 306.332492 
2.370818 9.035898 2.517327 5.638845 6.335515 165.540480 
4.490227 7.398821 2.015526 7.971947 8.998595 223.493679 
2.423973 4.633020 8.386521 8.209817 9.610279 257.432800 
4.665005 6.837978 4.880192 5.713711 9.312510 211.705812 
4.711403 2.297161 4.186630 7.795062 2.598760 112.518688 
2.634381 7.606835 2.327221 5.986080 7.146580 157.126616 
3.638389 3.313824 3.838230 8.827002 6.388090 157.674970 
1.153196 6.414564 2.799635 1.677122 1.191885 54.547773 
7.701350 3.304692 8.048213 3.294814 5.799589 179.496556 
3.924756 8.451642 2.912730 7.267673 1.317913 149.873924 
8.045023 7.772430 4.214609 4.874110 5.915172 201.642213 
9.469228 8.458870 3.628707 10.176602 8.888733 356.959057 
8.040649 6.770067 7.898637 10.590265 7.808503 346.000735 
6.208929 1.674717 5.701841 10.679684 4.555687 208.676406 
6.802596 7.857575 10.844543 2.049925 4.144050 246.996252 
2.697639 2.742567 8.706288 8.701193 10.605574 278.787332 
2.570456 1.969593 4.020466 3.913510 9.530248 132.791875 
9.276034 9.625714 2.640516 4.794664 5.721738 241.398586 
4.348791 6.816137 5.918076 5.350584 8.313752 198.142561 
7.075107 8.490532 9.985921 3.160449 2.345275 237.353639 
3.870331 8.482521 6.005152 3.634665 10.896326 254.935191 
1.378592 9.966238 5.584099 7.974130 2.452185 202.008546 
3.273537 5.709176 2.668600 8.773367 7.227140 179.635678 
8.239980 4.811541 8.660255 9.226853 7.084262 301.369807 
2.897861 5.077006 3.375910 6.002017 6.232820 120.442602 
3.025039 4.891431 2.163100 2.498397 4.651366 65.633151 
9.499589 10.551975 5.097209 3.599840 9.731838 335.235443 
4.975629 3.248579 6.500806 3.962737 6.465956 135.082497 
5.617276 7.111366 5.112706 4.533822 7.877127 190.869755 
1.241968 5.436116 6.030223 7.150533 3.609725 131.617667 
4.192862 2.898140 10.738235 8.519573 7.454977 269.448802 
2.200514 2.659953 3.430375 9.016278 2.693810 112.234968 
5.201417 5.721109 4.413507 7.024373 3.646777 141.905662 
7.459557 10.331524 9.260011 1.137434 7.033000 298.890021 
9.192104 4.096924 4.748280 5.016372 8.160223 215.578959 
4.913609 4.801933 7.061064 4.276603 6.339646 155.541185 
1.372814 6.106009 5.420000 5.024937 9.023025 175.209354 
10.876999 4.551717 7.355503 8.219904 2.572316 267.314283 
9.697058 2.118869 6.306820 5.676411 6.267568 209.802552 
6.789293 8.518210 8.772696 8.688766 1.927370 274.824010 
10.303010 6.622975 9.934207 8.008353 8.928791 392.561310 
4.940628 5.336826 7.426917 4.602928 6.879150 176.560263 
7.229759 2.268795 10.721804 5.303319 9.477475 290.321639 
3.737436 7.202508 10.162616 5.993371 1.614873 207.651632 
1.004627 9.400607 2.594821 4.147031 8.683691 188.718147 
8.940970 6.398139 2.448727 9.063331 2.574226 215.643989 
1.541667 10.966731 5.709008 2.534498 5.167343 188.363824 
3.137157 4.559444 7.969462 8.369688 8.540747 237.138637 
7.287925 3.625350 10.962612 2.833218 6.529861 237.102081 
4.306562 3.951053 8.869976 5.629558 2.340962 150.005793 
9.350849 8.850253 4.805497 4.807927 2.159837 216.639216 
9.538175 7.352042 6.016121 4.283994 4.669424 221.379135 
10.742371 7.573870 1.347189 9.505666 2.122703 269.440515 
10.330992 7.632967 2.708823 6.751290 7.011536 267.070864 
2.339233 3.761629 10.192564 7.549649 10.755362 296.185240 
9.135125 2.542006 8.417193 5.994899 7.624695 254.836229 
4.661245 5.633107 5.539927 7.347231 4.474339 158.151402 
2.303387 3.985326 6.565262 1.981678 2.459390 74.266727 
8.787298 1.654637 10.151936 2.901884 8.167977 258.153018 
5.568013 7.825121 2.436200 5.410365 1.981184 131.367498 
5.697871 9.628519 2.175714 2.967235 8.176675 205.570347 
4.335743 4.254216 1.618794 3.815361 9.300689 140.577322 
8.029588 8.192404 2.056632 7.275611 2.064087 193.014472 
3.053348 9.421781 2.168754 7.134488 7.527715 210.363797 
4.830327 7.337093 7.882890 10.639172 2.211269 257.386630 
10.684875 9.695994 1.650443 1.536860 9.560613 304.670073 
4.718677 9.828553 10.876138 9.963869 7.715821 395.969310 
3.229764 3.044660 3.962541 8.149430 10.360546 209.157187 
3.270338 1.858418 10.193083 7.973860 8.131556 247.752417 
7.035968 4.857624 3.507510 8.998165 6.720949 211.542106 
4.987487 9.393775 6.045348 2.073502 7.392330 208.610218 
9.667962 7.708250 3.228264 2.112395 9.044711 249.577290 
10.936463 8.068197 2.556175 8.302257 1.149734 261.485420 
3.182082 9.488218 6.956646 10.035721 2.784866 257.018028 
4.555604 7.103712 6.286492 9.462490 2.424820 206.154688 
5.771278 6.128314 4.250018 10.976927 6.802120 255.688293 
5.979253 7.170335 8.683424 2.320580 8.764523 244.768955 
2.386641 3.377136 9.188260 10.325670 5.116883 234.327191 
7.882615 7.938591 7.244448 10.965701 2.493350 304.102265 
5.812958 2.479652 3.082580 1.484465 6.482227 93.664358 
4.931048 10.650239 7.483524 3.311546 2.472346 210.824794 
5.795582 3.425407 8.713089 1.295396 2.744678 130.451413 
8.489912 4.512312 8.940120 4.937710 6.746521 242.261829 
3.008626 7.936494 2.478562 10.954027 7.036115 247.680653 
7.513608 9.934295 9.885196 9.857587 7.659468 408.701103 
9.370327 6.371324 2.113239 6.543910 2.418808 181.535970 
2.683654 9.358234 1.694236 8.098174 6.339580 203.419681 
6.023101 2.422521 2.369845 8.713844 7.506636 180.043194 
2.351855 4.481023 1.950103 8.981723 7.176296 161.584249 
5.543512 1.678069 7.487196 8.038522 9.562196 245.657950 
5.997714 3.031231 6.591721 7.820256 1.831718 153.123306 
8.923535 10.285786 8.179626 9.074614 6.346945 374.965492 
5.245961 2.568136 9.128469 7.040306 9.784429 262.745327 
5.401189 1.185452 2.450762 1.062499 8.392950 108.154876 
1.269744 4.801580 1.897350 7.392162 5.719119 115.619738 
1.115541 10.738594 9.652379 1.507194 2.833882 220.032779 
2.197470 2.951425 3.142121 4.304301 8.964042 122.293752 
2.051189 2.306966 6.557157 1.529419 9.347956 142.249185 
6.432627 10.569622 3.437945 3.581227 5.254594 205.351003 
5.588505 4.582913 7.859065 3.135390 10.282630 229.562550 
7.869431 2.512183 9.407196 8.527055 1.507904 231.718797 
8.738522 2.756502 5.681255 6.296608 4.595216 177.000021 
6.349514 4.904119 1.122263 4.174268 8.340566 152.615748 
6.583166 6.634169 3.008810 3.401108 1.165309 109.328696 
2.185038 10.433555 6.622389 5.535354 4.353263 207.080520 
1.231808 7.148093 9.227828 4.937714 5.812843 195.935561 
6.017646 5.095960 8.509875 7.268268 4.181073 204.907940 
2.869271 2.928079 4.876820 4.723749 3.689815 76.518280 
4.192503 3.350985 1.095506 9.126758 1.866049 116.786170 
6.011597 2.572271 2.399245 8.654881 1.176331 124.802977 
6.817589 2.582454 4.776871 6.947704 5.579898 155.372931 
2.511925 1.438457 2.808640 2.858607 3.001399 33.447418 
9.041998 8.062698 1.017087 3.584577 1.118059 161.898538 
2.988590 10.443172 7.682011 8.205067 10.333885 351.117124 
1.495288 7.650957 7.083053 5.800241 9.777912 240.193034 
2.972872 6.084388 8.421230 3.962650 10.406999 240.783085 
5.661129 10.556895 3.614211 8.257055 9.716513 319.148507 
9.625881 10.129174 7.942696 10.747704 1.326688 375.617406 
4.824897 8.877664 9.392935 6.182069 7.155860 279.744089 
9.354276 5.235817 9.107554 5.396500 8.919366 306.541096 
9.013490 10.042371 2.689047 8.260923 4.616172 278.875091 
10.002272 5.504914 2.258360 5.189575 4.923499 186.622226 
1.912117 8.543616 10.151119 6.649553 4.021311 240.082272 
3.914062 3.041511 9.795547 8.484086 8.162561 259.130531 
8.321794 8.125630 8.457104 2.822554 2.309053 220.099280 
9.415728 10.005111 3.455849 3.628416 3.985221 229.748458 
3.844669 2.605994 7.166167 4.189193 6.648876 134.683538 
10.896278 4.680752 8.960696 5.495461 10.182602 354.817855 
5.371951 5.270448 5.308918 8.046389 8.695864 225.182532 
6.255813 5.046973 7.711746 10.295060 1.924820 233.771355 
7.171189 2.003503 10.170275 1.203297 7.232932 212.637693 
9.002420 1.275973 4.992574 5.444228 2.148643 141.853755 
9.380677 6.942225 3.324334 7.121490 7.025531 247.316482 
10.617056 10.873069 6.597141 6.648631 8.039587 383.307030 
3.203691 1.133728 5.157791 10.123513 3.121792 150.382874 
1.621532 6.574714 10.412374 5.049026 1.108718 180.995677 
4.373164 8.354399 5.651625 4.736429 6.021667 179.555647 
8.922505 6.433279 6.461459 1.151392 9.710370 258.365612 
9.154922 8.596865 2.302620 1.233104 1.871112 168.042354 
4.358849 4.732863 3.426563 1.850329 6.566275 99.680578 
3.162137 9.365472 3.608030 10.824464 4.287484 246.280609 
7.579089 7.770619 1.161955 4.671963 5.946567 176.364142 
5.771881 4.783181 9.243416 6.804461 1.463725 190.077340 
8.067710 3.778550 8.839523 7.666900 10.392772 324.293601 
9.528975 5.560303 8.277784 5.029378 6.721313 260.710735 
3.340701 5.286325 2.511818 4.576475 10.112060 168.612643 
3.226138 9.415876 10.040276 8.628158 2.254216 279.400430 
2.608654 5.221549 7.741917 1.214503 7.273554 148.386522 
1.246974 7.755832 7.458218 1.331561 7.304599 172.463109 
6.345525 6.338353 2.111360 2.892704 1.170888 94.636963 
8.347834 10.844647 2.485937 1.479758 9.877609 293.229427 
7.166827 7.581397 5.378147 10.610970 3.989892 266.277367 
10.500694 6.496046 8.428694 5.775544 6.252896 295.961677 
4.292636 8.009262 3.458057 2.524895 8.896125 180.049303 
1.365910 7.388357 6.640405 7.992296 2.375227 170.067007 
9.241835 8.446836 1.755796 7.330120 4.293642 232.009406 
4.227550 2.287403 8.453610 7.757784 10.114980 257.063955 
4.329338 4.041020 8.000998 6.002150 10.253350 240.245981 
5.840264 5.820520 3.523698 1.417489 6.001658 118.432759 
9.823918 4.772513 2.386910 2.507265 6.966977 179.808732 
7.125177 5.389645 6.491114 1.895387 9.481797 215.447956 
8.673522 5.091824 2.700880 2.800868 9.923034 214.762867 
4.765885 10.285344 4.449895 8.132173 8.450691 285.849947 
3.135312 5.214565 7.195313 4.148799 9.050047 187.910277 
3.571327 7.398664 2.841031 1.913265 5.191631 106.179672 
6.371098 6.952036 8.155908 5.072785 7.811409 242.191799 
6.672308 6.900682 3.727064 8.199886 9.166839 257.299176 
5.798918 10.750902 8.490042 3.093537 6.682053 275.509959 
2.218830 3.934296 6.780192 6.213501 5.736553 137.888543 
6.296502 2.796235 2.751245 10.040794 6.606053 199.491687 
9.235990 10.043497 4.485493 5.692916 9.725353 333.286767 
3.452969 10.128707 3.665534 3.129904 6.644384 181.893987 
9.019886 9.175061 9.566964 2.558696 9.041776 345.367508 
8.275303 4.492773 7.131640 3.063517 6.103597 186.164973 
4.973752 7.775466 8.071433 3.850613 1.845018 168.575402 
10.349411 4.185834 3.562656 3.283341 5.503845 178.396667 
6.923174 2.849133 7.378269 2.050723 8.816062 192.415153 
6.169519 4.329467 9.155194 1.073714 7.586667 199.335207 
10.058854 4.268367 1.807107 10.054273 10.115572 326.078342 
4.164323 4.217579 5.510264 5.323488 4.295220 112.281008 
3.058654 2.999508 4.917204 3.135948 2.819746 60.316446 
3.521199 9.384336 3.068635 9.534562 1.413136 202.785942 
10.425585 5.003285 10.557478 10.851951 4.916508 387.122922 
8.792872 6.662680 9.732029 8.582527 9.402930 378.493160 
8.832311 4.975736 4.096593 1.506463 6.617951 165.616457 
10.918772 3.293530 10.179774 8.172327 5.107841 326.571672 
8.581827 6.859546 8.266158 10.430392 8.516702 370.357788 
3.262009 2.023050 1.811272 3.660228 4.901382 55.434954 
10.962642 10.503633 10.266139 2.315555 3.408043 352.875981 
2.090855 5.750433 8.828352 8.267613 5.779930 217.139991 
2.859744 5.625372 2.734475 10.301460 5.694872 185.851947 
6.133164 9.647829 7.735049 2.838969 2.100574 202.999458 
6.211154 2.307118 6.746881 1.282276 6.311839 130.905177 
8.943776 6.828312 6.979839 10.110316 4.150045 294.776470 
6.118632 5.744178 7.765217 5.500873 3.507591 173.294618 
4.931922 10.320333 9.350770 5.632006 2.172404 254.708854 
6.681473 2.330134 5.903966 9.419940 6.590294 217.095664 
2.662419 6.499435 4.032442 7.353836 7.868890 181.590060 
1.069514 4.586302 8.190313 2.419670 9.124775 178.375577 
1.428745 9.656354 6.014985 9.634090 3.720339 238.123162 
1.296085 6.979622 8.175716 5.605913 8.470033 220.405015 
10.070921 5.966883 9.928888 4.927871 10.534910 370.878202 
8.494675 2.077542 4.823782 6.836046 6.339857 186.669866 
5.112377 4.712610 1.864056 5.905626 7.923811 149.482995 
6.855204 10.215371 1.400820 8.477076 5.706146 257.730841 
2.137252 6.541650 8.224617 10.244483 5.585263 251.149936 
6.143215 2.980738 3.874251 5.250160 8.639340 163.836083 
10.347399 5.398053 5.676477 7.288268 10.916312 340.714736 
1.376844 1.830886 4.444320 5.433827 1.277964 56.159492 
9.268004 3.526825 9.574825 7.269476 2.376411 248.504272 
6.933001 9.330482 7.631520 8.016370 8.613570 331.820265 
3.544464 7.793662 5.442149 10.459702 7.367676 266.609393 
8.349298 6.144971 2.596407 4.676265 7.345768 190.040537 
9.210088 1.417574 1.969866 3.903583 6.253809 145.063686 
4.874990 9.541723 5.095557 6.985632 10.115038 291.887758 
6.573280 1.403599 1.957522 2.669520 3.662916 69.553292 
10.081734 4.993153 1.288903 6.054139 6.567730 208.021896 
6.570235 2.037238 2.505614 10.405949 8.727437 238.048348 
8.474666 3.252199 3.074733 4.478094 9.452873 201.260889 
1.844825 6.766433 4.289103 6.201668 2.239011 111.058266 
5.584698 4.914458 6.805437 9.835164 6.878311 245.696332 
9.910817 5.867196 2.564853 8.913386 3.022569 227.811128 
2.909163 3.908102 5.340503 7.483012 6.150878 146.086231 
6.900964 2.674636 5.714771 7.065851 5.623135 168.981491 
9.657683 7.776534 4.652277 4.376030 5.510974 224.909479 
10.679112 10.617971 5.993152 1.430922 4.414030 284.233820 
10.400383 9.433077 2.444539 9.562799 9.513138 385.073609 
1.344534 5.789323 2.773205 5.773046 3.836756 91.063454 
3.045377 6.293415 1.631469 5.869828 4.342696 104.856967 
6.750813 3.448944 3.804985 7.040466 6.130795 159.101410 
3.316093 2.532609 9.677242 4.342440 4.359978 148.925776 
10.590326 5.495356 2.764179 10.186861 4.005561 269.811282 
9.017453 5.189264 7.068805 8.389303 10.532756 339.530257 
2.848983 8.517852 6.430517 6.505978 7.073874 214.389501 
3.676607 5.158237 1.275034 5.538838 5.135234 98.799900 
2.441760 7.033250 3.209452 9.192237 1.356736 152.067344 
8.412126 9.548945 9.756655 10.414989 9.316843 452.414055 
6.932036 7.586162 7.479319 9.168731 10.166489 348.966310 
8.586164 2.367677 7.314823 4.032479 9.106541 232.024705 
5.861458 10.109729 9.590045 5.470587 9.936559 357.194802 
4.547197 6.146823 3.104929 5.603670 5.731551 132.352807 
8.286908 7.845274 4.102198 3.871255 1.068704 163.177945 
7.678149 3.852936 6.474179 8.155811 1.810632 185.509709 
9.963875 2.980780 3.841545 1.181522 5.030537 149.623622 
1.134454 10.057369 8.425616 10.520279 2.223226 289.047668 
5.144009 4.073520 1.225245 2.181908 9.602393 141.522293 
6.456501 2.175937 3.523712 1.825315 3.814369 76.718836 
5.356863 7.119051 3.482084 9.499929 9.059328 263.821870 
5.146916 2.120956 9.838616 2.343331 4.938017 157.662786 
10.910918 8.894546 7.829160 5.694160 3.757495 305.999055 
2.874250 1.333721 4.294620 1.891762 3.341822 43.230421 
9.779090 2.543501 2.838524 10.359632 3.751762 231.554892 
3.046203 2.554989 6.186326 6.410046 4.391233 114.449576 
8.905930 4.733367 10.791290 3.003421 8.348895 296.896879 
2.965771 10.015934 1.482744 6.514405 6.486483 195.825201 
10.962698 8.348806 7.868913 1.071007 8.299688 321.834988 
10.292556 4.590396 2.196137 8.744456 4.300681 226.792831 
2.597388 7.634243 4.287162 5.514063 7.201138 165.669123 
10.145656 8.604215 10.444979 3.666404 4.325191 318.214220 
10.189138 10.797593 3.996538 4.938059 9.872441 358.228384 
10.225753 6.022644 8.536836 10.593588 8.256361 394.107443 
3.027178 1.761117 7.471213 10.385600 1.896100 179.540243 
7.582267 10.559504 8.133410 10.320392 1.559915 344.090077 
7.390103 7.090507 9.620700 10.378970 7.705460 364.543910 
2.953015 4.642163 7.198263 4.677345 2.482823 110.126926 
7.181760 3.674845 2.223267 6.057202 10.707897 221.373825 
10.375395 6.040583 6.661426 9.714965 8.023017 347.261412 
1.030120 10.431836 2.098298 1.197083 1.698776 118.606055 
7.470100 4.525187 4.566071 8.564683 9.318383 257.314759 
6.301669 3.291116 3.921887 9.246519 7.204778 203.330598 
10.598168 4.605881 6.606378 1.320136 2.830342 186.933134 
4.855098 10.640046 1.242430 1.556113 8.948450 220.822433 
1.759748 1.296137 1.279650 3.413579 2.695097 25.330259 
3.421807 5.503726 6.182312 3.648580 9.940410 192.344639 
3.009359 8.975350 9.744760 2.590389 4.622778 212.653698 
1.922689 4.617363 10.719938 6.928437 4.695616 209.985889 
1.192069 6.894667 5.692460 2.466729 8.856396 165.882073 
10.506499 8.828945 7.375169 2.356063 6.904619 295.954702 
4.824719 6.289183 4.308279 10.991913 7.089986 252.483066 
5.489985 6.922560 3.067943 7.209442 4.127758 156.488478 
1.834119 6.936759 5.002438 6.699155 4.703037 143.504243 
5.266840 1.987346 6.512519 2.026999 4.840508 101.641286 
6.591052 10.681699 9.789420 9.838391 6.186376 388.438599 
3.675821 1.452118 7.438556 10.157843 4.493345 194.324365 
4.549082 9.774920 5.854584 7.271729 1.059877 204.520750 
7.663507 10.892417 2.467210 6.828501 3.271063 240.789503 
9.697767 1.373697 8.742000 9.121497 7.487325 311.618027 
3.420906 3.898531 2.487006 10.477290 1.694628 145.731710 
10.781181 6.753486 3.826348 1.453573 3.339442 189.749123 
6.322741 1.712205 2.856837 9.163398 1.164173 136.393380 
10.399757 2.238713 3.671385 8.584692 9.011666 281.552918 
8.800365 2.103840 8.092003 4.236892 9.250075 250.868212 
6.327278 10.092876 2.881559 7.282683 9.553357 294.508076 
2.818321 7.765509 3.912675 7.235167 1.667506 138.683310 
10.036217 2.440679 8.365550 5.652847 10.800682 325.274406 
8.624037 3.850395 3.699305 7.664791 9.809485 257.859441 
1.444922 2.650970 4.322978 1.803666 9.521821 121.721867 
4.158849 1.455099 8.381181 7.567425 1.909085 150.568056 
8.655912 10.221831 2.022452 7.184245 7.802236 295.989209 
6.631176 9.578765 1.326929 8.682697 7.669914 271.702789 
2.652908 4.566305 8.886514 8.470091 9.914481 276.898571 
2.900669 1.750959 8.346780 4.660949 5.358391 131.585272 
6.347740 5.764528 1.559703 2.574016 8.147911 148.970273 
10.000494 3.865903 10.084739 6.371720 10.776381 373.386237 
3.363527 6.004181 1.772905 8.985357 1.195089 132.671578 
6.751867 7.951380 2.846027 2.502730 3.673531 136.670510 
10.699246 5.474890 5.609670 2.367503 10.999945 302.520557 
1.957083 4.751216 4.534485 10.413289 1.889247 158.971620 
6.708971 7.135360 4.328679 10.859269 6.768042 278.391224 
7.431440 2.477418 6.791136 4.690944 8.785643 206.675908 
7.722774 8.340741 9.537393 7.697855 7.817034 340.534064 
10.740455 5.425595 3.410879 10.168182 10.521649 370.525581 
4.646038 2.537049 9.488889 1.996358 8.167421 188.753499 
9.019372 10.987542 1.455452 3.719942 7.404867 272.863516 
6.899182 9.407968 9.348296 1.799023 5.195542 253.729346 
2.846212 4.335694 8.000631 4.105816 8.786717 184.973379 
9.421354 10.885605 3.452788 7.558024 8.506700 348.667714 
2.293303 5.227845 2.386628 3.211676 3.153839 58.547163 
1.717530 10.841289 3.270548 1.343493 8.410090 203.714524 
6.269839 7.968886 6.486536 7.367551 2.426363 205.057212 
4.730066 8.425218 8.589355 8.273324 10.212404 339.875934 
2.203638 9.760787 2.733053 3.332085 4.434969 138.370291 
3.098209 4.358164 7.233953 6.913211 10.673173 242.631672 
10.707101 5.904402 6.094849 9.270771 3.475237 284.675627 
1.237449 8.221904 10.833065 3.895307 4.819679 224.889011 
10.446317 7.339449 6.102130 1.256596 2.379402 207.469622 
6.029174 9.494119 8.601467 7.759276 3.258070 271.295839 
4.192270 9.013551 3.472992 10.728864 3.690206 239.607050 
10.366165 10.492734 2.396942 3.339386 4.769425 257.199095 
1.942621 5.224525 1.608562 10.869064 8.647231 226.568070 
1.265579 8.850814 8.344537 4.954487 4.987988 198.996868 
3.188484 10.501906 6.217849 1.698069 3.684584 175.577707 
6.250231 7.257222 7.518084 7.401731 10.603277 315.469342 
10.077153 10.888267 6.554255 8.993843 1.108315 345.179195 
7.667893 1.373118 10.839999 8.180248 10.265427 350.483059 
8.293653 10.785812 3.107564 4.256547 3.618591 225.987772 
7.268967 3.302693 3.257889 6.843267 6.389436 162.014711 
4.236815 4.304534 2.611559 2.791425 1.063395 52.222709 
3.786120 9.793614 9.617591 2.328284 8.476211 280.014699 
2.105335 9.995666 6.379108 9.318818 3.564848 244.587311 
2.664662 5.924461 5.117839 8.906801 6.081359 184.705957 
9.757837 5.901112 8.397756 3.060887 9.238543 295.280524 
3.177936 5.963111 1.046927 9.432760 3.569839 148.474726 
8.242302 10.793178 9.755713 4.419656 3.142184 309.008860 
10.351879 2.951777 2.780104 6.467231 1.661479 168.188938 
5.041672 4.986922 8.808827 7.670861 1.717532 189.675312 
3.812477 1.915797 10.967964 8.869895 4.966792 241.845555 
3.107741 3.328306 9.169984 5.073361 4.384943 149.790992 
3.552007 9.211755 5.950625 6.771343 3.166668 188.762002 
8.246335 1.077690 10.306766 8.584426 9.925939 347.609525 
9.067265 2.281514 8.737765 6.782541 3.842242 224.534823 
7.038101 2.123854 6.031223 6.081610 9.583320 219.247277 
1.223570 5.567907 2.454238 6.390937 10.384254 187.198784 
9.253193 2.855591 5.339069 4.726139 3.414200 156.274781 
10.271573 4.722506 2.945355 6.521861 7.073633 229.053336 
9.485892 3.244090 7.803586 3.021664 4.252444 188.615973 
1.197972 10.173870 8.299079 2.021454 1.567941 180.362187 
5.024054 1.452658 9.393513 6.549455 5.713620 191.130231 
6.259688 8.256707 6.836507 8.420205 8.873359 303.731079 
5.313560 8.709531 7.699834 2.411409 8.056795 234.104129 
1.548116 10.793660 9.531039 5.060369 2.895682 243.732771 
3.539072 7.019357 4.679175 8.581889 6.274932 196.714662 
3.393092 5.209115 10.776499 6.947666 5.805841 236.758736 
2.848185 10.751966 2.771505 3.711448 3.394351 156.694637 
7.660780 6.736886 8.464225 3.364549 4.552732 207.763846 
8.403149 10.247015 7.328187 5.972473 6.523172 307.538759 
1.866269 7.743989 1.205406 8.237615 4.320511 151.430451 
6.781676 4.050046 4.704040 3.445487 3.317800 107.401171 
1.740541 2.182234 1.260935 2.867469 6.985544 66.401782 
9.325535 8.333797 1.941407 9.154814 7.223084 296.170401 
1.312553 3.355121 5.634883 4.116761 5.677444 93.912627 
6.059186 6.473527 10.781124 5.748471 9.815373 324.239375 
9.120971 10.368447 8.761241 1.316309 10.870624 387.359281 
10.877701 3.527713 3.163016 4.602387 10.588442 274.070900 
1.549132 1.100990 2.541396 2.251825 8.259498 83.360703 
7.694127 9.715687 3.199289 3.979647 10.408914 288.012698 
2.987700 1.266095 3.068932 8.311188 9.424626 177.847101 
1.821897 6.938516 1.903341 2.015864 4.643904 80.714580 
2.421580 1.383176 10.910828 9.775646 3.513956 234.734543 
4.426939 4.163480 9.351264 1.758926 8.004047 191.537076 
9.499412 8.615108 3.170521 10.071679 5.435953 305.499434 
6.943268 2.342821 7.266126 3.564756 8.745606 195.687487 
2.887579 7.087372 9.661798 9.226127 8.370387 307.104090 
1.365855 8.202177 9.097104 1.233309 2.805211 161.288831 
3.087439 6.208205 5.435824 8.280119 3.734809 160.131424 
9.110648 7.610615 6.831747 10.111658 3.577632 302.643201 
4.355998 4.492086 8.253415 2.726402 5.283287 142.618817 
4.194647 5.712407 4.042392 4.445453 9.435642 175.360968 
6.041254 4.574687 10.548675 10.564846 2.907314 288.767509 
2.773011 6.755314 2.508391 4.142522 1.979690 80.695545 
2.709913 8.367264 1.964220 4.375371 9.285389 186.575213 
2.269694 2.720706 9.492575 1.967761 1.599872 109.094408 
2.957618 7.954690 7.491367 6.924280 5.776795 209.462195 
7.602381 2.926260 1.460572 8.763880 2.591100 152.011854 
7.888709 7.464612 9.811053 7.896114 1.113846 277.798165 
8.367598 1.790187 3.099665 6.298241 10.258583 227.735767 
10.646455 4.590046 2.979834 10.280100 1.681644 251.803315 
6.276304 3.104376 1.820080 2.869089 4.087151 77.278305 
3.452279 6.276198 8.731172 2.751394 10.277357 240.736472 
5.786800 8.028775 10.084411 2.899382 3.713748 221.841952 
3.213111 1.504236 8.881033 2.505331 7.230280 150.013199 
8.032202 1.286312 3.933655 3.475465 3.054703 103.054582 
10.592641 4.641560 3.220486 2.388737 2.766000 157.476472 
6.917515 4.371287 10.759021 3.575762 5.403165 224.696964 
8.541671 7.745474 9.202633 6.203504 10.905595 375.056419 
10.542216 1.498575 10.666464 10.526562 6.250915 377.039930 
1.338184 3.914154 8.219587 5.334459 5.568049 144.132558 
6.207735 7.140826 5.242210 4.460572 7.566925 194.163192 
2.279256 5.634564 2.783406 10.148019 10.941726 267.394339 
8.174553 5.100150 3.574308 6.334196 7.779569 206.254262 
9.714328 1.953563 8.843047 2.897981 1.253925 186.354679 
9.431108 2.724129 4.634293 1.767179 9.007678 202.104539 
9.165170 7.134634 2.839250 1.265398 2.877800 152.847661 
6.075548 2.813169 7.025272 8.487664 4.432763 185.870494 
10.923747 4.206147 4.707249 10.227607 9.036686 345.443733 
6.469993 5.115667 2.661819 3.058000 5.491251 114.621340 
8.271851 6.565352 3.837170 7.050981 5.141378 202.401332 
7.984623 5.302612 10.630686 5.858934 10.535004 350.196811 
10.172388 8.344928 1.382627 7.065184 10.645426 338.268895 
5.121349 10.808859 6.189735 9.293070 10.437878 376.682907 
1.752018 3.360440 10.828808 2.855342 2.909402 148.242810 
10.508713 7.558361 5.020464 7.981490 3.406880 268.077955 
2.306632 1.758608 1.318648 5.293865 4.039986 54.498577 
4.718134 8.900778 10.770850 9.272752 4.964426 328.125292 
8.190571 6.362311 2.042693 3.761961 3.723694 139.755307 
4.973540 6.150016 1.249756 9.916328 2.553040 168.972268 
9.874212 6.890232 9.219400 8.115344 1.057514 296.949841 
8.369962 2.711592 2.649286 5.819455 1.815809 121.590934 
4.556544 1.294676 3.682525 5.033418 7.571981 118.669457 
3.701018 6.530278 6.577656 6.971006 6.787053 194.266633 
10.961272 4.644537 8.870210 9.304472 10.421174 415.575912 
2.084470 4.323799 2.172227 8.571366 10.109668 203.432520 
1.729994 6.808257 5.575527 6.180594 4.540224 139.245127 
7.354880 9.580010 2.307332 4.063013 4.230755 185.601981 
7.688036 7.907927 9.696464 1.836291 3.838953 233.772141 
3.944711 2.905570 8.458326 9.012474 8.832510 254.784281 
2.512637 8.711427 8.829758 7.892380 4.772058 245.229142 
6.300370 4.798401 9.634068 8.817166 9.217113 318.232183 
8.182458 9.874751 4.816246 10.124729 7.324420 343.816821 
6.482555 3.682797 2.952743 8.658324 8.711109 215.155200 
3.418259 7.303442 7.058646 7.459929 3.521641 182.901743 
1.888515 10.687687 10.316343 6.354809 3.656002 277.970019 
3.014237 5.632191 1.787218 7.107879 8.457749 166.056812 
1.336566 9.342998 5.016509 5.000456 3.167330 149.279913 
7.249124 10.736090 6.048717 2.152139 9.235902 294.334007 
7.911926 8.725323 6.723358 2.901620 5.179608 219.181114 
10.396878 9.993285 5.300620 10.352291 3.791877 357.605656 
2.999461 7.530830 5.738176 10.034142 1.114752 200.563510 
7.587928 9.353106 10.958559 2.152724 7.640048 328.151797 
9.350731 9.738885 4.896878 2.254956 1.946530 215.135279 
2.612910 3.049247 7.491908 1.572481 5.098270 100.718945 
7.203055 5.875347 5.876971 1.631573 2.862027 131.795731 
9.826877 8.786555 2.986332 4.247382 4.162174 218.053205 
6.143813 2.338964 2.629013 4.178261 9.567188 159.117846 
8.576090 4.946456 1.885217 10.207846 2.626556 212.669707 
6.762061 6.035339 2.577234 3.214629 6.220971 137.827241 
6.492652 3.260803 6.845751 4.904215 1.655791 126.444646 
3.988570 3.768616 5.720676 3.157296 1.705726 75.715318 
1.759123 1.664484 1.898826 5.028926 9.942360 133.611179 
6.711391 2.219167 5.069216 10.896362 1.285684 196.048106 
5.293772 6.431056 1.127486 8.257968 4.541449 159.472518 
4.198043 4.506336 10.921061 3.843964 7.180557 223.536656 
8.642391 6.812591 1.989461 2.727564 4.600568 153.665095 
1.454201 4.632249 1.062022 8.972755 10.215233 209.561644 
6.886772 9.887414 8.834674 3.545725 1.374795 237.702266 
10.286426 6.601647 5.751497 5.392363 2.315514 216.911198 
3.778201 1.562623 6.893055 7.001208 7.150637 164.379324 
2.267114 7.464086 2.038137 5.189243 2.253315 97.012070 
10.662399 4.932924 8.997812 9.501372 1.011770 310.280868 
4.291645 10.248539 1.897781 3.489619 7.815870 200.317597 
10.172957 4.076588 7.788699 5.943583 2.817246 224.034507 
5.802611 7.788392 1.534647 4.494919 7.709542 176.325823 
9.774408 1.152929 8.918669 7.716558 10.097352 337.912731 
9.121999 8.733409 5.892536 6.377053 3.095576 244.454670 
2.473525 4.040984 2.704793 6.386165 2.804374 78.411404 
3.730568 10.730754 2.771348 1.615940 1.249834 140.919938 
3.591251 9.451155 7.772369 7.861042 2.261399 229.541049 
9.561949 6.293515 4.108545 7.376788 2.182708 207.100561 
8.508276 1.871545 8.067599 6.012164 8.115759 242.991248 
10.991824 6.846716 6.017633 5.360178 5.126583 258.922983 
9.217700 3.081134 2.788439 3.466061 6.437025 155.683658 
1.898401 9.295770 1.551180 3.182751 2.081938 106.885787 
5.185544 4.274859 6.675388 8.452388 5.617028 192.718950 
2.198546 8.801165 5.794970 3.785529 8.798904 207.626728 
1.393950 10.077825 5.662847 6.240976 10.044240 275.410029 
10.726275 4.161896 4.616599 10.409790 3.937828 277.557573 
6.008738 8.049128 7.268103 2.764657 6.035813 197.793075 
2.756483 8.836817 1.427416 1.155319 7.456652 144.661468 
2.172035 8.557686 7.892913 8.548198 10.237264 318.123078 
2.508631 10.324473 8.807800 4.175082 5.846337 242.076280 
5.226176 1.092190 8.205435 8.393891 6.053305 202.934861 
7.431641 8.248224 7.776333 2.410514 6.867723 236.710040 
1.347040 2.669619 7.772476 4.712183 7.051582 141.282244 
9.057422 4.147474 6.455058 5.558463 10.147200 274.768386 
4.636885 6.974938 8.968721 6.371845 3.415128 202.851917 
4.025107 5.379365 6.575227 9.130169 9.737597 266.553437 
9.746223 1.476820 2.151650 10.012491 5.671250 234.212507 
4.079727 6.393497 3.097220 10.513192 6.810580 224.024965 
9.970803 5.687997 2.217051 6.978557 8.312710 254.486946 
1.609369 2.076708 10.878577 10.898116 9.154853 327.826473 
4.578784 8.254043 7.574107 1.832145 6.961872 198.286010 
1.002700 9.155724 2.332365 2.191999 6.603376 138.682043 
4.938377 9.242076 5.554240 6.296770 5.139515 206.717062 
2.855812 6.084064 10.208869 7.439653 8.907282 284.080613 
8.270107 6.089083 3.257720 7.463321 9.081411 254.257528 
5.988501 5.076153 3.493822 10.880691 5.655232 224.207349 
6.711332 9.744378 7.976902 7.817149 2.336450 270.192652 
9.936356 4.072223 9.966336 3.651037 7.920950 290.713560 
1.584949 6.401473 6.958639 3.284643 4.414207 122.187673 
2.916089 1.385330 3.750874 8.170822 8.546967 164.304747 
4.411093 10.869980 1.046909 10.398454 9.992048 346.679080 
3.364053 2.380285 6.571405 5.911438 5.755835 128.240705 
9.254129 1.567033 4.211090 7.682713 10.125443 267.376437 
6.527026 7.201694 8.116037 5.401060 1.406403 191.485944 
8.679746 2.556989 5.784927 10.886210 5.616218 265.393044 
2.922238 10.599350 7.464380 7.435533 7.881692 294.010881 
1.508012 5.921475 5.301541 10.920764 10.260059 289.976201 
9.923180 2.211659 6.141484 8.743407 6.729416 262.810953 
3.524823 3.877862 10.237137 3.150197 5.484861 172.268588 
10.313417 4.052147 2.221734 2.155626 7.419809 187.422865 
7.605380 9.466376 6.127662 4.672063 5.726312 239.621149 
1.200214 10.165239 8.845855 10.104217 5.239073 312.564817 
4.250505 10.644684 8.865608 3.300405 1.936778 224.618884 
3.125390 5.450705 7.339697 1.433585 3.626506 108.556113 
3.779906 5.771246 7.983858 8.045318 6.087755 213.124853 
10.447733 2.226531 7.992712 7.079673 3.892953 243.272872 
5.346115 5.806371 1.938896 5.248545 10.176537 197.163339 
10.169210 5.936298 1.533312 9.673615 5.019908 259.781830 
10.813314 9.247720 9.366138 1.659575 9.623271 385.534147 
2.562998 5.896585 1.684997 4.802023 10.247749 172.253660 
5.958176 4.798499 5.586864 4.243590 9.122531 190.967131 
5.266234 4.273150 4.695846 5.801332 2.382691 107.376673 
10.061727 2.472846 1.755809 6.426098 8.995987 232.658695 
4.879503 10.432780 1.723395 9.655614 10.566451 340.503302 
8.518651 9.880959 8.250862 9.104717 2.585101 327.856118 
10.405788 1.732038 4.288460 1.973630 2.501605 139.824500 
6.506404 2.386447 10.477988 1.475001 5.643495 191.841321 
4.350697 7.160044 7.088510 10.069281 3.412943 233.480365 
1.155740 9.871344 2.265224 4.963302 9.670811 222.069368 
4.931451 4.552303 9.841483 7.017469 5.230025 218.495478 
7.940132 8.936922 8.456641 9.435077 8.061299 368.434253 
2.942955 5.623747 9.538593 8.159841 9.885178 295.572016 
7.222707 6.271138 2.799148 4.546038 10.470562 229.629026 
4.994266 4.807177 6.508747 10.652029 8.714925 279.831079 
4.964037 5.963884 5.719402 3.956731 1.726352 111.557148 
9.734034 10.684421 2.471590 8.874579 7.651197 352.315977 
6.947324 10.179315 6.867312 10.508502 8.857405 387.925978 
6.542777 10.447037 4.071583 10.021923 2.966632 277.766165 
9.286656 2.234641 10.413071 4.582322 2.506938 226.950055 
7.837519 4.022271 2.157601 4.991549 6.860313 154.240065 
10.350946 6.622324 5.792091 2.259880 9.371293 277.473760 
10.380017 5.109176 1.948560 4.764138 5.333377 188.787238 
4.975682 7.807375 3.355326 7.949977 3.383906 171.623697 
8.020673 8.066890 4.167695 7.182443 6.225276 237.117153 
5.226831 5.467956 5.242497 4.411797 6.837998 150.924238 
3.405299 6.525322 2.748216 7.618247 7.525934 176.405947 
4.858994 6.355574 9.441260 5.401371 10.642692 295.582247 
9.515466 1.605962 10.687215 2.567175 4.985654 238.786892 
5.937629 8.307233 7.738630 4.903068 9.457658 277.639322 
6.851521 10.545998 4.288425 10.451321 10.357235 393.054447 
7.825044 7.207280 1.215866 10.632100 5.602669 259.085966 
10.328292 6.349081 1.423995 2.216006 10.153910 257.024790 
10.151719 10.554767 5.930108 1.002741 9.029228 332.159146 
2.679295 7.716314 4.229034 2.152610 3.253142 99.821518 
3.282516 4.827728 8.684831 2.117131 3.185123 124.135418 
5.143149 8.679505 7.609592 2.002175 2.927259 172.269250 
9.569378 6.265366 3.763556 8.574403 6.817092 264.985292 
4.179927 2.876282 3.798562 2.156772 4.640100 66.356056 
10.930575 3.990256 1.064622 6.022740 5.442932 202.431943 
1.382459 7.410950 5.781516 10.825561 5.299832 235.540285 
9.756354 4.909903 6.654208 3.071816 1.892650 176.590265 
5.297396 2.842842 4.869334 3.715874 4.126634 90.691389 
8.209980 4.543952 7.353334 2.163998 9.756433 241.993662 
8.216582 5.997425 6.001788 1.847351 6.721178 188.089717 
7.372659 3.314904 8.233602 3.602891 4.639177 167.639670 
1.170198 4.273318 6.345985 6.859443 1.301749 108.648641 
10.262260 5.822963 5.916183 6.016420 10.184858 314.150747 
2.262915 3.723131 2.176219 7.617299 7.420433 136.804487 
1.919720 1.771947 7.597878 7.469600 7.241552 172.787876 
1.076168 5.337962 8.697383 1.926587 10.053463 210.080306 
6.867503 2.461977 9.812221 1.825902 4.266013 171.036374 
7.658222 6.270241 9.637576 10.747738 10.190377 410.204820 
10.036885 7.990990 2.665080 2.847766 7.989995 243.647423 
9.507067 10.250486 10.715172 7.849438 10.950615 491.801368 
8.318443 7.197059 10.040667 8.456880 8.188172 360.374107 
6.709028 8.746225 6.557040 6.986216 1.266451 214.913394 
9.862526 4.836109 8.178994 3.628595 4.803318 223.791883 
9.296368 5.636443 2.941679 6.163655 5.741782 197.804131 
3.465040 9.401080 8.344693 7.583191 2.175073 232.256445 
6.566753 7.326377 9.545491 8.484706 10.117978 362.278160 
9.138046 3.057976 5.352373 6.557727 2.696965 171.780399 
3.406550 8.221069 7.938158 5.933603 2.629388 184.326237 
3.611441 7.858962 1.355306 10.008495 4.071704 193.391390 
7.565609 8.598008 10.879988 2.254726 10.917379 373.811273 
4.219330 3.194222 4.316132 9.666394 10.626011 252.986071 
7.067815 1.302817 8.484487 4.801216 10.920909 265.955792 
2.826499 8.610187 1.610457 10.901167 9.920304 301.965849 
6.802991 3.612134 1.810653 5.051071 5.264655 115.836568 
1.545459 2.537117 8.252608 3.080511 2.575511 93.053758 
6.485490 5.541303 4.295692 10.778261 4.042910 223.736620 
7.574605 4.866927 1.998893 1.785196 6.767108 134.037873 
10.687316 1.328711 8.037848 4.796691 2.031171 207.725092 
4.979721 9.842947 10.053187 4.012804 8.273483 307.300925 
7.278326 7.654918 10.376114 8.047498 10.608631 396.540829 
3.539462 9.331475 9.375451 7.211598 10.534780 350.492038 
1.615687 6.434372 4.499218 6.128963 9.012598 183.045655 
2.588738 6.109934 10.643873 6.669210 8.395523 272.288067 
8.531831 4.645865 3.638741 9.191993 1.093531 193.305178 
6.812903 4.168679 2.416840 5.911352 5.974613 140.274732 
10.581849 5.547370 6.170568 2.204831 5.596577 217.007700 
9.858475 7.102592 1.299668 10.292345 3.329253 266.341777 
9.561497 7.011003 3.701080 6.573980 10.878368 315.830483 
10.274122 5.127883 10.779693 9.985402 1.080613 348.930536 
7.389522 4.807220 7.866192 8.317062 3.797156 223.183279 
6.446019 10.914504 10.521172 7.377229 8.826552 403.704143 
9.526383 4.331464 1.241405 5.754078 4.711206 166.359501 
5.507286 1.970945 10.770984 2.285121 1.965911 159.315501 
1.418444 9.675631 2.683455 6.434381 5.318527 172.518736 
2.717985 1.577874 8.629287 10.801820 2.768052 208.683139 
7.290666 10.744711 10.210530 9.724493 6.047135 403.991173 
7.679800 2.241686 8.958048 7.193011 2.097980 200.392032 
2.707150 8.554594 3.172589 3.357023 1.979272 105.762181 
3.462814 7.747680 10.945027 2.029235 10.410500 304.307550 
5.285134 2.728782 6.682010 1.372680 10.337186 188.769814 
4.741889 10.450315 10.152072 3.519383 4.062682 263.650593 
9.311683 10.727746 6.504386 7.975217 1.617322 310.318826 
5.136843 6.320841 9.203130 9.445632 2.071192 244.547573 
3.796517 7.029542 1.779414 2.493188 9.797063 169.192759 
6.287586 3.845764 8.906790 6.962746 6.927549 230.125304 
3.193377 7.612713 7.872620 2.305867 4.842917 158.900074 
8.738828 8.671939 4.653577 8.660265 10.854783 366.051926 
3.780698 6.841085 3.090072 10.630502 4.812000 206.805585 
7.624627 2.688377 4.824628 7.177891 4.006641 156.214626 
6.453673 9.358136 4.326224 10.632640 7.639384 319.354044 
8.467618 2.312863 7.082406 10.677297 2.455983 247.246892 
4.495461 8.530979 9.601451 8.107931 7.185613 302.546204 
3.905242 1.545550 10.259058 4.085275 3.302182 150.481790 
9.065918 9.690729 10.435182 2.763836 4.680986 314.544537 
8.585173 4.538310 9.963884 10.280676 2.684705 306.480387 
1.652220 3.777600 1.088274 1.054572 4.711385 41.493700 
6.458258 1.381512 7.308122 6.176590 3.508000 147.482655 
2.288050 8.610669 9.790892 4.163967 9.111152 275.592073 
4.526376 10.597426 4.568344 7.240963 1.866482 209.578581 
2.384423 7.557469 7.560612 2.561839 1.980955 130.450865 
5.252681 5.188594 6.912508 1.684416 6.200975 143.584284 
5.809720 9.970221 1.608610 10.171517 2.943765 247.871298 
1.866362 2.040559 8.862810 7.431172 5.574016 172.488558 
2.207551 2.552837 1.725558 8.535670 1.261093 88.815824 
8.737545 10.356552 5.179202 7.988765 10.309751 380.538346 
10.713516 10.200479 1.278637 1.406893 10.645428 335.768587 
10.823942 7.899916 1.480081 2.093410 8.185790 253.146553 
7.573504 8.660054 5.589421 1.441449 4.853616 189.231482 
2.370929 8.450983 10.915495 8.506275 5.029013 293.836137 
2.290060 5.321309 6.815188 2.855454 10.460230 197.577515 
7.409245 10.800578 9.679168 9.266548 4.128823 368.151770 
2.885752 8.232493 1.453340 1.805884 9.069654 163.733538 
6.898026 9.009176 3.984227 10.998574 2.398519 271.343611 
9.416106 10.282899 2.659114 6.512315 4.725912 266.216453 
6.583739 6.449166 8.207277 2.582939 10.473212 268.656503 
6.515119 5.022736 9.457432 9.074897 6.410951 280.571727 
7.493756 7.037037 8.076494 5.512836 1.158588 202.639712 
4.781139 7.852524 3.045806 10.633564 10.117786 309.240638 
6.514485 7.308782 4.368923 10.978643 9.412339 324.067030 
9.335652 5.984132 3.015670 8.342661 10.156749 304.818058 
5.787738 9.864631 9.278103 10.375278 7.001400 373.558055 
6.637773 7.044011 3.934156 8.634785 6.048914 220.304581 
3.607890 4.282367 2.289355 10.393614 8.617373 218.883028 
10.539512 3.446679 9.821686 4.994049 3.697486 258.038349 
3.736936 5.379428 8.078783 2.155676 1.624378 115.455210 
9.894654 9.237467 10.880076 8.417959 8.700633 448.174075 
1.381582 1.573099 7.286033 6.601178 4.806285 124.145619 
5.825801 5.277284 10.798190 1.387451 5.628665 211.997486 
8.218438 5.503940 2.233692 5.345761 10.087001 233.150206 
5.271280 1.121470 1.799472 8.783855 2.119121 113.928958 
8.210155 8.938019 10.820677 6.442744 7.330806 359.631519 
8.954001 1.728064 9.563749 10.064937 4.413344 295.406197 
3.146724 7.424726 6.997825 8.192297 7.553858 238.172484 
1.443069 2.603981 10.023834 5.601627 9.946298 239.647478 
3.964651 5.162771 7.582042 5.722505 3.318508 143.619581 
1.397709 5.911215 3.903496 7.447931 5.471318 137.540338 
3.873518 5.823149 5.935236 2.831161 1.637673 94.837678 
4.954806 7.386994 2.302306 2.032397 1.550514 90.953125 
4.909516 10.717532 3.008560 6.866701 7.859156 256.938201 
8.915771 5.063433 5.755075 3.510359 6.939517 198.729749 
3.507506 7.576419 9.316623 4.778377 7.031826 228.783641 
1.066826 8.567783 8.268310 7.861263 1.923983 208.411139 
1.861810 2.674250 4.120752 8.052991 1.894511 96.038384 
3.613437 1.495863 3.680594 3.521845 3.186832 51.400593 
10.735069 8.267797 3.525660 9.334291 8.550475 356.268055 
6.374299 1.607362 6.475185 1.954500 9.991430 188.792058 
1.300141 5.897757 2.573244 2.492788 6.560554 92.350354 
5.897388 9.199720 3.563146 9.290810 5.116560 244.608378 
9.361595 7.558216 10.834877 10.060485 10.301006 469.484733 
2.601561 1.755979 3.791645 3.631295 8.107272 103.142324 
5.531196 4.223555 6.637813 1.442210 2.187645 99.358868 
2.396847 2.723986 10.253049 2.445565 3.313559 135.250454 
10.927704 10.693907 7.893668 7.030349 9.745417 440.483307 
9.858329 9.431554 9.801630 10.539659 3.531199 405.766592 
7.893170 3.422439 4.332724 5.248725 7.025821 169.698989 
8.956804 3.367219 1.231806 1.449321 3.262646 105.825229 
8.919406 9.990864 6.220944 3.332586 2.912743 237.663508 
8.922587 7.297820 5.384444 3.032000 4.024533 187.252859 
2.258396 3.680143 4.623452 4.648349 6.365560 102.147610 
6.683938 2.322937 2.931667 9.384081 2.430575 152.634400 
1.502498 1.809965 1.955691 9.363808 2.180545 101.793879 
6.988975 5.571623 8.849960 1.671428 4.848113 184.508417 
3.888398 7.222992 3.149636 10.331670 3.891685 199.100069 
10.440190 2.361783 2.882044 2.131072 5.190937 154.369069 
7.142894 7.236272 3.859285 8.870207 5.835325 231.010241 
3.154171 4.998017 1.521036 3.448762 9.713128 143.481339 
10.894123 9.351831 4.233237 3.760768 6.578089 281.473599 
4.425361 6.643103 5.697817 7.939024 1.089495 160.394856 
9.439794 4.348418 10.322016 3.670791 1.175989 229.420130 
5.487409 8.729966 9.200967 8.983307 5.158431 298.290969 
2.106755 8.949416 8.036084 8.679886 4.617915 245.774676 
8.426478 10.333556 1.318488 3.827734 4.439145 213.883879 
6.655475 6.905203 7.841929 1.364277 8.679385 230.666001 
9.804509 8.795038 4.946207 3.365814 8.604306 283.308836 
5.596644 5.774956 3.434217 5.865190 1.610186 113.459530 
7.473591 10.489982 8.856204 9.982968 6.432002 385.356918 
7.075021 4.699015 7.735347 8.621440 8.203578 273.600164 
8.288289 9.860678 5.958415 1.396057 2.577217 210.022440 
9.087828 2.560856 5.919172 5.607710 7.286292 208.719661 
9.242501 7.110361 3.661841 6.926146 5.480082 227.392932 
8.032003 1.682979 2.201152 9.022386 4.446412 173.364594 
7.116507 2.354300 4.491481 7.118272 4.216574 144.810090 
9.154505 1.871020 6.104803 3.967726 4.050398 156.722867 
2.076914 10.470550 4.402156 4.468539 9.774802 248.839560 
2.700539 10.528319 3.602537 8.908328 5.785183 243.943331 
7.346400 8.497716 5.597255 3.560118 4.651955 191.825166 
2.425809 3.553552 5.495447 8.790911 9.191809 210.481697 
2.747589 10.313715 2.602493 1.268488 2.933222 130.907790 
6.738422 9.452394 7.113538 8.643433 6.560474 303.105252 
10.127352 1.223501 7.757706 4.759243 7.024897 236.241783 
1.400400 4.467837 7.297624 5.184552 9.697000 196.089412 
8.658382 9.980039 1.549168 1.990364 3.816732 195.497671 
2.621866 6.878386 1.539240 10.508076 8.498460 239.199122 
7.503026 6.811738 6.632459 4.859287 4.494497 190.497870 
1.275549 5.097940 2.000339 10.876823 6.917219 197.770574 
8.315576 6.162160 8.398532 3.260823 9.800680 284.342643 
8.844970 2.886974 7.487505 3.286749 10.116816 255.783535 
5.310635 8.946434 2.909633 1.249659 1.660876 121.027653 
10.648101 2.388408 6.324338 7.787047 10.793552 336.222680 
8.868448 8.891101 8.055164 7.064939 1.601605 275.065222 
9.732206 8.826316 5.798924 6.492524 7.941872 311.473393 
10.886002 9.521197 9.692443 4.800795 1.481369 328.343782 
8.054334 6.793286 2.525096 9.944833 1.821431 219.614458 
2.526856 1.402444 1.337289 6.650522 2.617857 61.222810 
10.536352 4.705262 5.723743 2.974982 8.806075 252.312895 
8.668550 9.285772 7.864732 7.922175 4.831482 309.327411 
2.042427 9.928614 9.140876 9.373175 10.330012 380.870054 
7.612719 2.436345 8.207883 8.200498 7.389767 253.115434 
6.745341 1.831562 9.934807 4.806003 3.087967 180.187840 
9.768452 10.402357 9.410582 3.252893 1.139843 304.071285 
1.330548 4.680138 3.648300 7.406765 7.416527 146.849180 
10.978404 5.610461 2.203250 6.956696 1.189208 206.666785 
10.557300 3.399536 10.921811 8.048825 9.817291 403.462177 
5.654378 6.053090 9.642643 5.254663 8.292569 257.970632 
1.108220 4.455987 7.216972 10.424138 1.889709 185.402301 
8.020059 4.809441 5.744985 6.827850 10.706401 281.703459 
9.197819 8.822464 3.007218 9.237906 7.713629 316.318096 
