0.050000000000000 0.050000000000000 0.000029306340882
0.050000000000000 2.050000000000000 -3.061587059616983
0.050000000000000 4.050000000000000 3.840617102959345
0.050000000000000 6.050000000000001 -0.550886705794175
0.050000000000000 8.050000000000001 -0.186907002294890
0.050000000000000 10.050000000000001 0.131577953426027
0.150000000000000 0.050000000000000 0.000028714293591
0.150000000000000 2.050000000000000 -2.999736815988357
0.150000000000000 4.050000000000000 3.763028878657135
0.150000000000000 6.050000000000001 -0.539757681434697
0.150000000000000 8.050000000000001 -0.183131103258630
0.150000000000000 10.050000000000001 0.128919812952774
0.250000000000000 0.050000000000000 0.000028122246301
0.250000000000000 2.050000000000000 -2.937886572359731
0.250000000000000 4.050000000000000 3.685440654354927
0.250000000000000 6.050000000000001 -0.528628657075219
0.250000000000000 8.050000000000001 -0.179355204222369
0.250000000000000 10.050000000000001 0.126261672479521
0.350000000000000 0.050000000000000 0.000027530199010
0.350000000000000 2.050000000000000 -2.876036328731105
0.350000000000000 4.050000000000000 3.607852430052718
0.350000000000000 6.050000000000001 -0.517499632715741
0.350000000000000 8.050000000000001 -0.175579305186109
0.350000000000000 10.050000000000001 0.123603532006268
0.450000000000000 0.050000000000000 0.000026938151719
0.450000000000000 2.050000000000000 -2.814186085102480
0.450000000000000 4.050000000000000 3.530264205750508
0.450000000000000 6.050000000000001 -0.506370608356262
0.450000000000000 8.050000000000001 -0.171803406149849
0.450000000000000 10.050000000000001 0.120945391533015
0.550000000000000 0.050000000000000 0.000026346104429
0.550000000000000 2.050000000000000 -2.752335841473854
0.550000000000000 4.050000000000000 3.452675981448300
0.550000000000000 6.050000000000001 -0.495241583996784
0.550000000000000 8.050000000000001 -0.168027507113588
0.550000000000000 10.050000000000001 0.118287251059762
0.650000000000000 0.050000000000000 0.000025754057138
0.650000000000000 2.050000000000000 -2.690485597845227
0.650000000000000 4.050000000000000 3.375087757146090
0.650000000000000 6.050000000000001 -0.484112559637306
0.650000000000000 8.050000000000001 -0.164251608077328
0.650000000000000 10.050000000000001 0.115629110586509
0.750000000000000 0.050000000000000 0.000025162009848
0.750000000000000 2.050000000000000 -2.628635354216602
0.750000000000000 4.050000000000000 3.297499532843881
0.750000000000000 6.050000000000001 -0.472983535277827
0.750000000000000 8.050000000000001 -0.160475709041067
0.750000000000000 10.050000000000001 0.112970970113256
0.850000000000000 0.050000000000000 0.000024569962557
0.850000000000000 2.050000000000000 -2.566785110587976
0.850000000000000 4.050000000000000 3.219911308541673
0.850000000000000 6.050000000000001 -0.461854510918349
0.850000000000000 8.050000000000001 -0.156699810004807
0.850000000000000 10.050000000000001 0.110312829640003
0.950000000000000 0.050000000000000 0.000023977915267
0.950000000000000 2.050000000000000 -2.504934866959350
0.950000000000000 4.050000000000000 3.142323084239463
0.950000000000000 6.050000000000001 -0.450725486558871
0.950000000000000 8.050000000000001 -0.152923910968546
0.950000000000000 10.050000000000001 0.107654689166750
1.050000000000000 0.050000000000000 0.000023385867976
1.050000000000000 2.050000000000000 -2.443084623330724
1.050000000000000 4.050000000000000 3.064734859937255
1.050000000000000 6.050000000000001 -0.439596462199393
1.050000000000000 8.050000000000001 -0.149148011932286
1.050000000000000 10.050000000000001 0.104996548693496
1.150000000000000 0.050000000000000 0.000022793820686
1.150000000000000 2.050000000000000 -2.381234379702098
1.150000000000000 4.050000000000000 2.987146635635045
1.150000000000000 6.050000000000001 -0.428467437839914
1.150000000000000 8.050000000000001 -0.145372112896026
1.150000000000000 10.050000000000001 0.102338408220243
1.250000000000000 0.050000000000000 0.000022201773395
1.250000000000000 2.050000000000000 -2.319384136073472
1.250000000000000 4.050000000000000 2.909558411332837
1.250000000000000 6.050000000000001 -0.417338413480436
1.250000000000000 8.050000000000001 -0.141596213859765
1.250000000000000 10.050000000000001 0.099680267746990
1.350000000000000 0.050000000000000 0.000021609726105
1.350000000000000 2.050000000000000 -2.257533892444846
1.350000000000000 4.050000000000000 2.831970187030628
1.350000000000000 6.050000000000001 -0.406209389120958
1.350000000000000 8.050000000000001 -0.137820314823505
1.350000000000000 10.050000000000001 0.097022127273737
1.450000000000000 0.050000000000000 0.000021017678814
1.450000000000000 2.050000000000000 -2.195683648816220
1.450000000000000 4.050000000000000 2.754381962728418
1.450000000000000 6.050000000000001 -0.395080364761479
1.450000000000000 8.050000000000001 -0.134044415787244
1.450000000000000 10.050000000000001 0.094363986800484
1.550000000000000 0.050000000000000 0.000020425631524
1.550000000000000 2.050000000000000 -2.133833405187594
1.550000000000000 4.050000000000000 2.676793738426210
1.550000000000000 6.050000000000001 -0.383951340402001
1.550000000000000 8.050000000000001 -0.130268516750984
1.550000000000000 10.050000000000001 0.091705846327231
1.650000000000000 0.050000000000000 0.000019833584233
1.650000000000000 2.050000000000000 -2.071983161558968
1.650000000000000 4.050000000000000 2.599205514124000
1.650000000000000 6.050000000000001 -0.372822316042523
1.650000000000000 8.050000000000001 -0.126492617714724
1.650000000000000 10.050000000000001 0.089047705853978
1.750000000000000 0.050000000000000 0.000019241536942
1.750000000000000 2.050000000000000 -2.010132917930342
1.750000000000000 4.050000000000000 2.521617289821791
1.750000000000000 6.050000000000001 -0.361693291683044
1.750000000000000 8.050000000000001 -0.122716718678463
1.750000000000000 10.050000000000001 0.086389565380725
1.850000000000000 0.050000000000000 0.000018649489652
1.850000000000000 2.050000000000000 -1.948282674301717
1.850000000000000 4.050000000000000 2.444029065519583
1.850000000000000 6.050000000000001 -0.350564267323566
1.850000000000000 8.050000000000001 -0.118940819642203
1.850000000000000 10.050000000000001 0.083731424907472
1.950000000000000 0.050000000000000 0.000018057442361
1.950000000000000 2.050000000000000 -1.886432430673091
1.950000000000000 4.050000000000000 2.366440841217373
1.950000000000000 6.050000000000001 -0.339435242964088
1.950000000000000 8.050000000000001 -0.115164920605942
1.950000000000000 10.050000000000001 0.081073284434219
2.050000000000000 0.050000000000000 0.000017465395071
2.050000000000000 2.050000000000000 -1.824582187044465
2.050000000000000 4.050000000000000 2.288852616915165
2.050000000000000 6.050000000000001 -0.328306218604610
2.050000000000000 8.050000000000001 -0.111389021569682
2.050000000000000 10.050000000000001 0.078415143960966
2.150000000000000 0.050000000000000 0.000016873347780
2.150000000000000 2.050000000000000 -1.762731943415839
2.150000000000000 4.050000000000000 2.211264392612956
2.150000000000000 6.050000000000001 -0.317177194245131
2.150000000000000 8.050000000000001 -0.107613122533422
2.150000000000000 10.050000000000001 0.075757003487713
2.250000000000000 0.050000000000000 0.000016281300490
2.250000000000000 2.050000000000000 -1.700881699787213
2.250000000000000 4.050000000000000 2.133676168310747
2.250000000000000 6.050000000000001 -0.306048169885653
2.250000000000000 8.050000000000001 -0.103837223497161
2.250000000000000 10.050000000000001 0.073098863014460
2.350000000000000 0.050000000000000 0.000015689253199
2.350000000000000 2.050000000000000 -1.639031456158587
2.350000000000000 4.050000000000000 2.056087944008538
2.350000000000000 6.050000000000001 -0.294919145526175
2.350000000000000 8.050000000000001 -0.100061324460901
2.350000000000000 10.050000000000001 0.070440722541207
2.450000000000000 0.050000000000000 0.000015097205909
2.450000000000000 2.050000000000000 -1.577181212529961
2.450000000000000 4.050000000000000 1.978499719706329
2.450000000000000 6.050000000000001 -0.283790121166696
2.450000000000000 8.050000000000001 -0.096285425424640
2.450000000000000 10.050000000000001 0.067782582067953
2.550000000000000 0.050000000000000 0.000014505158618
2.550000000000000 2.050000000000000 -1.515330968901335
2.550000000000000 4.050000000000000 1.900911495404120
2.550000000000000 6.050000000000001 -0.272661096807218
2.550000000000000 8.050000000000001 -0.092509526388380
2.550000000000000 10.050000000000001 0.065124441594700
2.650000000000000 0.050000000000000 0.000013913111328
2.650000000000000 2.050000000000000 -1.453480725272709
2.650000000000000 4.050000000000000 1.823323271101911
2.650000000000000 6.050000000000001 -0.261532072447740
2.650000000000000 8.050000000000001 -0.088733627352120
2.650000000000000 10.050000000000001 0.062466301121447
2.750000000000000 0.050000000000000 0.000013321064037
2.750000000000000 2.050000000000000 -1.391630481644083
2.750000000000000 4.050000000000000 1.745735046799702
2.750000000000000 6.050000000000001 -0.250403048088262
2.750000000000000 8.050000000000001 -0.084957728315859
2.750000000000000 10.050000000000001 0.059808160648194
2.850000000000000 0.050000000000000 0.000012729016747
2.850000000000000 2.050000000000000 -1.329780238015457
2.850000000000000 4.050000000000000 1.668146822497493
2.850000000000000 6.050000000000001 -0.239274023728783
2.850000000000000 8.050000000000001 -0.081181829279599
2.850000000000000 10.050000000000001 0.057150020174941
2.950000000000000 0.050000000000000 0.000012136969456
2.950000000000000 2.050000000000000 -1.267929994386831
2.950000000000000 4.050000000000000 1.590558598195284
2.950000000000000 6.050000000000001 -0.228144999369305
2.950000000000000 8.050000000000001 -0.077405930243338
2.950000000000000 10.050000000000001 0.054491879701688
3.050000000000000 0.050000000000000 0.000011544922165
3.050000000000000 2.050000000000000 -1.206079750758206
3.050000000000000 4.050000000000000 1.512970373893075
3.050000000000000 6.050000000000001 -0.217015975009827
3.050000000000000 8.050000000000001 -0.073630031207078
3.050000000000000 10.050000000000001 0.051833739228435
3.150000000000000 0.050000000000000 0.000010952874875
3.150000000000000 2.050000000000000 -1.144229507129580
3.150000000000000 4.050000000000000 1.435382149590866
3.150000000000000 6.050000000000001 -0.205886950650348
3.150000000000000 8.050000000000001 -0.069854132170818
3.150000000000000 10.050000000000001 0.049175598755182
3.250000000000000 0.050000000000000 0.000010360827584
3.250000000000000 2.050000000000000 -1.082379263500954
3.250000000000000 4.050000000000000 1.357793925288657
3.250000000000000 6.050000000000001 -0.194757926290870
3.250000000000000 8.050000000000001 -0.066078233134557
3.250000000000000 10.050000000000001 0.046517458281929
3.350000000000000 0.050000000000000 0.000009768780294
3.350000000000000 2.050000000000000 -1.020529019872328
3.350000000000000 4.050000000000000 1.280205700986448
3.350000000000000 6.050000000000001 -0.183628901931392
3.350000000000000 8.050000000000001 -0.062302334098297
3.350000000000000 10.050000000000001 0.043859317808676
3.450000000000000 0.050000000000000 0.000009176733003
3.450000000000000 2.050000000000000 -0.958678776243702
3.450000000000000 4.050000000000000 1.202617476684239
3.450000000000000 6.050000000000001 -0.172499877571913
3.450000000000000 8.050000000000001 -0.058526435062036
3.450000000000000 10.050000000000001 0.041201177335423
3.550000000000000 0.050000000000000 0.000008584685713
3.550000000000000 2.050000000000000 -0.896828532615076
3.550000000000000 4.050000000000000 1.125029252382030
3.550000000000000 6.050000000000001 -0.161370853212435
3.550000000000000 8.050000000000001 -0.054750536025776
3.550000000000000 10.050000000000001 0.038543036862170
3.650000000000000 0.050000000000000 0.000007992638422
3.650000000000000 2.050000000000000 -0.834978288986450
3.650000000000000 4.050000000000000 1.047441028079821
3.650000000000000 6.050000000000001 -0.150241828852957
3.650000000000000 8.050000000000001 -0.050974636989516
3.650000000000000 10.050000000000001 0.035884896388917
3.750000000000000 0.050000000000000 0.000007400591132
3.750000000000000 2.050000000000000 -0.773128045357824
3.750000000000000 4.050000000000000 0.969852803777612
3.750000000000000 6.050000000000001 -0.139112804493479
3.750000000000000 8.050000000000001 -0.047198737953255
3.750000000000000 10.050000000000001 0.033226755915663
3.850000000000000 0.050000000000000 0.000006808543841
3.850000000000000 2.050000000000000 -0.711277801729198
3.850000000000000 4.050000000000000 0.892264579475403
3.850000000000000 6.050000000000001 -0.127983780134000
3.850000000000000 8.050000000000001 -0.043422838916995
3.850000000000000 10.050000000000001 0.030568615442410
3.950000000000000 0.050000000000000 0.000006216496551
3.950000000000000 2.050000000000000 -0.649427558100572
3.950000000000000 4.050000000000000 0.814676355173194
3.950000000000000 6.050000000000001 -0.116854755774522
3.950000000000000 8.050000000000001 -0.039646939880734
3.950000000000000 10.050000000000001 0.027910474969157
4.050000000000000 0.050000000000000 0.000005624449260
4.050000000000000 2.050000000000000 -0.587577314471946
4.050000000000000 4.050000000000000 0.737088130870985
4.050000000000000 6.050000000000001 -0.105725731415044
4.050000000000000 8.050000000000001 -0.035871040844474
4.050000000000000 10.050000000000001 0.025252334495904
4.150000000000000 0.050000000000000 0.000005032401970
4.150000000000000 2.050000000000000 -0.525727070843320
4.150000000000000 4.050000000000000 0.659499906568776
4.150000000000000 6.050000000000001 -0.094596707055565
4.150000000000000 8.050000000000001 -0.032095141808213
4.150000000000000 10.050000000000001 0.022594194022651
4.250000000000000 0.050000000000000 0.000004440354679
4.250000000000000 2.050000000000000 -0.463876827214694
4.250000000000000 4.050000000000000 0.581911682266567
4.250000000000000 6.050000000000001 -0.083467682696087
4.250000000000000 8.050000000000001 -0.028319242771953
4.250000000000000 10.050000000000001 0.019936053549398
4.350000000000000 0.050000000000000 0.000003848307388
4.350000000000000 2.050000000000000 -0.402026583586069
4.350000000000000 4.050000000000000 0.504323457964359
4.350000000000000 6.050000000000001 -0.072338658336609
4.350000000000000 8.050000000000001 -0.024543343735693
4.350000000000000 10.050000000000001 0.017277913076145
4.450000000000000 0.050000000000000 0.000003256260098
4.450000000000000 2.050000000000000 -0.340176339957442
4.450000000000000 4.050000000000000 0.426735233662149
4.450000000000000 6.050000000000001 -0.061209633977131
4.450000000000000 8.050000000000001 -0.020767444699432
4.450000000000000 10.050000000000001 0.014619772602892
4.550000000000000 0.050000000000000 0.000002664212807
4.550000000000000 2.050000000000000 -0.278326096328817
4.550000000000000 4.050000000000000 0.349147009359941
4.550000000000000 6.050000000000001 -0.050080609617652
4.550000000000000 8.050000000000001 -0.016991545663172
4.550000000000000 10.050000000000001 0.011961632129639
4.650000000000000 0.050000000000000 0.000002072165517
4.650000000000000 2.050000000000000 -0.216475852700191
4.650000000000000 4.050000000000000 0.271558785057731
4.650000000000000 6.050000000000001 -0.038951585258174
4.650000000000000 8.050000000000001 -0.013215646626911
4.650000000000000 10.050000000000001 0.009303491656386
4.750000000000000 0.050000000000000 0.000001480118226
4.750000000000000 2.050000000000000 -0.154625609071565
4.750000000000000 4.050000000000000 0.193970560755522
4.750000000000000 6.050000000000001 -0.027822560898696
4.750000000000000 8.050000000000001 -0.009439747590651
4.750000000000000 10.050000000000001 0.006645351183133
4.850000000000001 0.050000000000000 0.000000888070936
4.850000000000001 2.050000000000000 -0.092775365442939
4.850000000000001 4.050000000000000 0.116382336453313
4.850000000000001 6.050000000000001 -0.016693536539217
4.850000000000001 8.050000000000001 -0.005663848554391
4.850000000000001 10.050000000000001 0.003987210709880
4.950000000000000 0.050000000000000 0.000000296023645
4.950000000000000 2.050000000000000 -0.030925121814313
4.950000000000000 4.050000000000000 0.038794112151104
4.950000000000000 6.050000000000001 -0.005564512179739
4.950000000000000 8.050000000000001 -0.001887949518130
4.950000000000000 10.050000000000001 0.001329070236627
5.050000000000001 0.050000000000000 -0.000000296023645
5.050000000000001 2.050000000000000 0.030925121814313
5.050000000000001 4.050000000000000 -0.038794112151105
5.050000000000001 6.050000000000001 0.005564512179739
5.050000000000001 8.050000000000001 0.001887949518130
5.050000000000001 10.050000000000001 -0.001329070236627
5.150000000000000 0.050000000000000 -0.000000888070936
5.150000000000000 2.050000000000000 0.092775365442939
5.150000000000000 4.050000000000000 -0.116382336453314
5.150000000000000 6.050000000000001 0.016693536539217
5.150000000000000 8.050000000000001 0.005663848554391
5.150000000000000 10.050000000000001 -0.003987210709880
5.250000000000001 0.050000000000000 -0.000001480118226
5.250000000000001 2.050000000000000 0.154625609071565
5.250000000000001 4.050000000000000 -0.193970560755523
5.250000000000001 6.050000000000001 0.027822560898696
5.250000000000001 8.050000000000001 0.009439747590651
5.250000000000001 10.050000000000001 -0.006645351183133
5.350000000000001 0.050000000000000 -0.000002072165517
5.350000000000001 2.050000000000000 0.216475852700191
5.350000000000001 4.050000000000000 -0.271558785057732
5.350000000000001 6.050000000000001 0.038951585258174
5.350000000000001 8.050000000000001 0.013215646626911
5.350000000000001 10.050000000000001 -0.009303491656386
5.450000000000001 0.050000000000000 -0.000002664212807
5.450000000000001 2.050000000000000 0.278326096328817
5.450000000000001 4.050000000000000 -0.349147009359941
5.450000000000001 6.050000000000001 0.050080609617652
5.450000000000001 8.050000000000001 0.016991545663172
5.450000000000001 10.050000000000001 -0.011961632129639
5.550000000000001 0.050000000000000 -0.000003256260098
5.550000000000001 2.050000000000000 0.340176339957443
5.550000000000001 4.050000000000000 -0.426735233662150
5.550000000000001 6.050000000000001 0.061209633977131
5.550000000000001 8.050000000000001 0.020767444699432
5.550000000000001 10.050000000000001 -0.014619772602892
5.650000000000001 0.050000000000000 -0.000003848307388
5.650000000000001 2.050000000000000 0.402026583586069
5.650000000000001 4.050000000000000 -0.504323457964359
5.650000000000001 6.050000000000001 0.072338658336609
5.650000000000001 8.050000000000001 0.024543343735693
5.650000000000001 10.050000000000001 -0.017277913076145
5.750000000000001 0.050000000000000 -0.000004440354679
5.750000000000001 2.050000000000000 0.463876827214695
5.750000000000001 4.050000000000000 -0.581911682266568
5.750000000000001 6.050000000000001 0.083467682696087
5.750000000000001 8.050000000000001 0.028319242771953
5.750000000000001 10.050000000000001 -0.019936053549398
5.850000000000001 0.050000000000000 -0.000005032401970
5.850000000000001 2.050000000000000 0.525727070843321
5.850000000000001 4.050000000000000 -0.659499906568777
5.850000000000001 6.050000000000001 0.094596707055566
5.850000000000001 8.050000000000001 0.032095141808213
5.850000000000001 10.050000000000001 -0.022594194022651
5.950000000000001 0.050000000000000 -0.000005624449260
5.950000000000001 2.050000000000000 0.587577314471947
5.950000000000001 4.050000000000000 -0.737088130870986
5.950000000000001 6.050000000000001 0.105725731415044
5.950000000000001 8.050000000000001 0.035871040844474
5.950000000000001 10.050000000000001 -0.025252334495904
6.050000000000001 0.050000000000000 -0.000006216496551
6.050000000000001 2.050000000000000 0.649427558100573
6.050000000000001 4.050000000000000 -0.814676355173195
6.050000000000001 6.050000000000001 0.116854755774522
6.050000000000001 8.050000000000001 0.039646939880734
6.050000000000001 10.050000000000001 -0.027910474969157
6.150000000000000 0.050000000000000 -0.000006808543841
6.150000000000000 2.050000000000000 0.711277801729198
6.150000000000000 4.050000000000000 -0.892264579475403
6.150000000000000 6.050000000000001 0.127983780134000
6.150000000000000 8.050000000000001 0.043422838916995
6.150000000000000 10.050000000000001 -0.030568615442410
6.250000000000001 0.050000000000000 -0.000007400591132
6.250000000000001 2.050000000000000 0.773128045357825
6.250000000000001 4.050000000000000 -0.969852803777613
6.250000000000001 6.050000000000001 0.139112804493479
6.250000000000001 8.050000000000001 0.047198737953255
6.250000000000001 10.050000000000001 -0.033226755915663
6.350000000000001 0.050000000000000 -0.000007992638422
6.350000000000001 2.050000000000000 0.834978288986451
6.350000000000001 4.050000000000000 -1.047441028079822
6.350000000000001 6.050000000000001 0.150241828852957
6.350000000000001 8.050000000000001 0.050974636989516
6.350000000000001 10.050000000000001 -0.035884896388917
6.450000000000001 0.050000000000000 -0.000008584685713
6.450000000000001 2.050000000000000 0.896828532615077
6.450000000000001 4.050000000000000 -1.125029252382031
6.450000000000001 6.050000000000001 0.161370853212435
6.450000000000001 8.050000000000001 0.054750536025776
6.450000000000001 10.050000000000001 -0.038543036862170
6.550000000000001 0.050000000000000 -0.000009176733003
6.550000000000001 2.050000000000000 0.958678776243702
6.550000000000001 4.050000000000000 -1.202617476684240
6.550000000000001 6.050000000000001 0.172499877571914
6.550000000000001 8.050000000000001 0.058526435062036
6.550000000000001 10.050000000000001 -0.041201177335423
6.650000000000000 0.050000000000000 -0.000009768780294
6.650000000000000 2.050000000000000 1.020529019872328
6.650000000000000 4.050000000000000 -1.280205700986448
6.650000000000000 6.050000000000001 0.183628901931392
6.650000000000000 8.050000000000001 0.062302334098297
6.650000000000000 10.050000000000001 -0.043859317808676
6.750000000000001 0.050000000000000 -0.000010360827584
6.750000000000001 2.050000000000000 1.082379263500954
6.750000000000001 4.050000000000000 -1.357793925288658
6.750000000000001 6.050000000000001 0.194757926290870
6.750000000000001 8.050000000000001 0.066078233134557
6.750000000000001 10.050000000000001 -0.046517458281929
6.850000000000001 0.050000000000000 -0.000010952874875
6.850000000000001 2.050000000000000 1.144229507129580
6.850000000000001 4.050000000000000 -1.435382149590867
6.850000000000001 6.050000000000001 0.205886950650349
6.850000000000001 8.050000000000001 0.069854132170818
6.850000000000001 10.050000000000001 -0.049175598755182
6.950000000000001 0.050000000000000 -0.000011544922165
6.950000000000001 2.050000000000000 1.206079750758206
6.950000000000001 4.050000000000000 -1.512970373893076
6.950000000000001 6.050000000000001 0.217015975009827
6.950000000000001 8.050000000000001 0.073630031207078
6.950000000000001 10.050000000000001 -0.051833739228435
7.050000000000001 0.050000000000000 -0.000012136969456
7.050000000000001 2.050000000000000 1.267929994386832
7.050000000000001 4.050000000000000 -1.590558598195285
7.050000000000001 6.050000000000001 0.228144999369305
7.050000000000001 8.050000000000001 0.077405930243338
7.050000000000001 10.050000000000001 -0.054491879701688
7.150000000000000 0.050000000000000 -0.000012729016747
7.150000000000000 2.050000000000000 1.329780238015458
7.150000000000000 4.050000000000000 -1.668146822497493
7.150000000000000 6.050000000000001 0.239274023728783
7.150000000000000 8.050000000000001 0.081181829279599
7.150000000000000 10.050000000000001 -0.057150020174941
7.250000000000001 0.050000000000000 -0.000013321064037
7.250000000000001 2.050000000000000 1.391630481644084
7.250000000000001 4.050000000000000 -1.745735046799703
7.250000000000001 6.050000000000001 0.250403048088262
7.250000000000001 8.050000000000001 0.084957728315859
7.250000000000001 10.050000000000001 -0.059808160648194
7.350000000000001 0.050000000000000 -0.000013913111328
7.350000000000001 2.050000000000000 1.453480725272710
7.350000000000001 4.050000000000000 -1.823323271101912
7.350000000000001 6.050000000000001 0.261532072447740
7.350000000000001 8.050000000000001 0.088733627352120
7.350000000000001 10.050000000000001 -0.062466301121447
7.450000000000001 0.050000000000000 -0.000014505158618
7.450000000000001 2.050000000000000 1.515330968901336
7.450000000000001 4.050000000000000 -1.900911495404121
7.450000000000001 6.050000000000001 0.272661096807218
7.450000000000001 8.050000000000001 0.092509526388380
7.450000000000001 10.050000000000001 -0.065124441594700
7.550000000000001 0.050000000000000 -0.000015097205909
7.550000000000001 2.050000000000000 1.577181212529962
7.550000000000001 4.050000000000000 -1.978499719706329
7.550000000000001 6.050000000000001 0.283790121166696
7.550000000000001 8.050000000000001 0.096285425424640
7.550000000000001 10.050000000000001 -0.067782582067953
7.650000000000000 0.050000000000000 -0.000015689253199
7.650000000000000 2.050000000000000 1.639031456158587
7.650000000000000 4.050000000000000 -2.056087944008538
7.650000000000000 6.050000000000001 0.294919145526175
7.650000000000000 8.050000000000001 0.100061324460901
7.650000000000000 10.050000000000001 -0.070440722541207
7.750000000000001 0.050000000000000 -0.000016281300490
7.750000000000001 2.050000000000000 1.700881699787213
7.750000000000001 4.050000000000000 -2.133676168310747
7.750000000000001 6.050000000000001 0.306048169885653
7.750000000000001 8.050000000000001 0.103837223497161
7.750000000000001 10.050000000000001 -0.073098863014460
7.850000000000001 0.050000000000000 -0.000016873347780
7.850000000000001 2.050000000000000 1.762731943415840
7.850000000000001 4.050000000000000 -2.211264392612957
7.850000000000001 6.050000000000001 0.317177194245131
7.850000000000001 8.050000000000001 0.107613122533422
7.850000000000001 10.050000000000001 -0.075757003487713
7.950000000000001 0.050000000000000 -0.000017465395071
7.950000000000001 2.050000000000000 1.824582187044465
7.950000000000001 4.050000000000000 -2.288852616915166
7.950000000000001 6.050000000000001 0.328306218604610
7.950000000000001 8.050000000000001 0.111389021569682
7.950000000000001 10.050000000000001 -0.078415143960966
8.050000000000001 0.050000000000000 -0.000018057442361
8.050000000000001 2.050000000000000 1.886432430673091
8.050000000000001 4.050000000000000 -2.366440841217374
8.050000000000001 6.050000000000001 0.339435242964088
8.050000000000001 8.050000000000001 0.115164920605942
8.050000000000001 10.050000000000001 -0.081073284434219
8.150000000000000 0.050000000000000 -0.000018649489652
8.150000000000000 2.050000000000000 1.948282674301717
8.150000000000000 4.050000000000000 -2.444029065519583
8.150000000000000 6.050000000000001 0.350564267323566
8.150000000000000 8.050000000000001 0.118940819642203
8.150000000000000 10.050000000000001 -0.083731424907472
8.250000000000000 0.050000000000000 -0.000019241536942
8.250000000000000 2.050000000000000 2.010132917930342
8.250000000000000 4.050000000000000 -2.521617289821791
8.250000000000000 6.050000000000001 0.361693291683044
8.250000000000000 8.050000000000001 0.122716718678463
8.250000000000000 10.050000000000001 -0.086389565380725
8.350000000000001 0.050000000000000 -0.000019833584233
8.350000000000001 2.050000000000000 2.071983161558969
8.350000000000001 4.050000000000000 -2.599205514124002
8.350000000000001 6.050000000000001 0.372822316042523
8.350000000000001 8.050000000000001 0.126492617714724
8.350000000000001 10.050000000000001 -0.089047705853978
8.450000000000001 0.050000000000000 -0.000020425631524
8.450000000000001 2.050000000000000 2.133833405187595
8.450000000000001 4.050000000000000 -2.676793738426210
8.450000000000001 6.050000000000001 0.383951340402001
8.450000000000001 8.050000000000001 0.130268516750984
8.450000000000001 10.050000000000001 -0.091705846327231
8.550000000000001 0.050000000000000 -0.000021017678814
8.550000000000001 2.050000000000000 2.195683648816221
8.550000000000001 4.050000000000000 -2.754381962728419
8.550000000000001 6.050000000000001 0.395080364761479
8.550000000000001 8.050000000000001 0.134044415787244
8.550000000000001 10.050000000000001 -0.094363986800484
8.650000000000000 0.050000000000000 -0.000021609726105
8.650000000000000 2.050000000000000 2.257533892444846
8.650000000000000 4.050000000000000 -2.831970187030628
8.650000000000000 6.050000000000001 0.406209389120958
8.650000000000000 8.050000000000001 0.137820314823505
8.650000000000000 10.050000000000001 -0.097022127273737
8.750000000000000 0.050000000000000 -0.000022201773395
8.750000000000000 2.050000000000000 2.319384136073472
8.750000000000000 4.050000000000000 -2.909558411332837
8.750000000000000 6.050000000000001 0.417338413480436
8.750000000000000 8.050000000000001 0.141596213859765
8.750000000000000 10.050000000000001 -0.099680267746990
8.850000000000001 0.050000000000000 -0.000022793820686
8.850000000000001 2.050000000000000 2.381234379702099
8.850000000000001 4.050000000000000 -2.987146635635046
8.850000000000001 6.050000000000001 0.428467437839914
8.850000000000001 8.050000000000001 0.145372112896026
8.850000000000001 10.050000000000001 -0.102338408220243
8.950000000000001 0.050000000000000 -0.000023385867976
8.950000000000001 2.050000000000000 2.443084623330725
8.950000000000001 4.050000000000000 -3.064734859937255
8.950000000000001 6.050000000000001 0.439596462199393
8.950000000000001 8.050000000000001 0.149148011932286
8.950000000000001 10.050000000000001 -0.104996548693497
9.050000000000001 0.050000000000000 -0.000023977915267
9.050000000000001 2.050000000000000 2.504934866959351
9.050000000000001 4.050000000000000 -3.142323084239464
9.050000000000001 6.050000000000001 0.450725486558871
9.050000000000001 8.050000000000001 0.152923910968547
9.050000000000001 10.050000000000001 -0.107654689166750
9.150000000000000 0.050000000000000 -0.000024569962557
9.150000000000000 2.050000000000000 2.566785110587976
9.150000000000000 4.050000000000000 -3.219911308541673
9.150000000000000 6.050000000000001 0.461854510918349
9.150000000000000 8.050000000000001 0.156699810004807
9.150000000000000 10.050000000000001 -0.110312829640003
9.250000000000002 0.050000000000000 -0.000025162009848
9.250000000000002 2.050000000000000 2.628635354216603
9.250000000000002 4.050000000000000 -3.297499532843883
9.250000000000002 6.050000000000001 0.472983535277828
9.250000000000002 8.050000000000001 0.160475709041067
9.250000000000002 10.050000000000001 -0.112970970113256
9.350000000000001 0.050000000000000 -0.000025754057138
9.350000000000001 2.050000000000000 2.690485597845229
9.350000000000001 4.050000000000000 -3.375087757146091
9.350000000000001 6.050000000000001 0.484112559637306
9.350000000000001 8.050000000000001 0.164251608077328
9.350000000000001 10.050000000000001 -0.115629110586509
9.450000000000001 0.050000000000000 -0.000026346104429
9.450000000000001 2.050000000000000 2.752335841473854
9.450000000000001 4.050000000000000 -3.452675981448300
9.450000000000001 6.050000000000001 0.495241583996784
9.450000000000001 8.050000000000001 0.168027507113588
9.450000000000001 10.050000000000001 -0.118287251059762
9.550000000000001 0.050000000000000 -0.000026938151719
9.550000000000001 2.050000000000000 2.814186085102480
9.550000000000001 4.050000000000000 -3.530264205750509
9.550000000000001 6.050000000000001 0.506370608356262
9.550000000000001 8.050000000000001 0.171803406149849
9.550000000000001 10.050000000000001 -0.120945391533015
9.650000000000000 0.050000000000000 -0.000027530199010
9.650000000000000 2.050000000000000 2.876036328731105
9.650000000000000 4.050000000000000 -3.607852430052718
9.650000000000000 6.050000000000001 0.517499632715741
9.650000000000000 8.050000000000001 0.175579305186109
9.650000000000000 10.050000000000001 -0.123603532006268
9.750000000000002 0.050000000000000 -0.000028122246301
9.750000000000002 2.050000000000000 2.937886572359732
9.750000000000002 4.050000000000000 -3.685440654354928
9.750000000000002 6.050000000000001 0.528628657075219
9.750000000000002 8.050000000000001 0.179355204222369
9.750000000000002 10.050000000000001 -0.126261672479521
9.850000000000001 0.050000000000000 -0.000028714293591
9.850000000000001 2.050000000000000 2.999736815988358
9.850000000000001 4.050000000000000 -3.763028878657136
9.850000000000001 6.050000000000001 0.539757681434697
9.850000000000001 8.050000000000001 0.183131103258630
9.850000000000001 10.050000000000001 -0.128919812952774
9.950000000000001 0.050000000000000 -0.000029306340882
9.950000000000001 2.050000000000000 3.061587059616984
9.950000000000001 4.050000000000000 -3.840617102959345
9.950000000000001 6.050000000000001 0.550886705794176
9.950000000000001 8.050000000000001 0.186907002294890
9.950000000000001 10.050000000000001 -0.131577953426027
