-0.04582233637518773 0.0020908784008460608
0.8197739191762168 0.07228669099166674
-0.7048871242974089 0.12577859329070068
0.7326377739215602 0.1151845598414526
-0.15819951225790607 0.02379005148419733
-0.14758660732764373 0.02084324677455648
-0.18458763616246388 0.03179026820504761
0.9028181353798863 0.027871835352650476
-0.4562474961313461 0.13051905210413461
0.32823226255142934 0.08577265781192905
-0.863965921478691 0.04799153035082815
0.7605334183442063 0.10280517578148102
-0.9254642074082469 0.017640866024383306
-0.7129516606905095 0.12289110859622993
-0.4371697680269462 0.12504640843894893
-0.6868755186337889 0.13163039786368586
0.5653413582677103 0.14795725760415357
0.5762705217420938 0.14814659464853341
0.8356664858195657 0.06354857455718166
-0.7078140440085934 0.12474932005705885
0.36717827788241353 0.10091762397874182
0.037568241994098805 0.0014073916715459647
-0.23155489130309137 0.04802210209199854
0.4729312578791458 0.13480174616070775
0.20350244058835165 0.03805415594133074
-0.13492477075449827 0.017547905246622822
0.973158861765036 0.002656399841335144
-0.7196296595554295 0.12037937969299206
-0.07289182281772488 0.005256907259841163
-0.16958698831482666 0.02712928840465146
0.6770796934542085 0.13445522717196318
-0.3743010815601784 0.10359451205665018
0.14883006730563286 0.02117997733517128
0.6253479766205752 0.14500813691543624
-0.7790106065325382 0.09379650932064287
0.38420650913531595 0.10725101200610568
0.7787927137516424 0.09390599070473638
-0.19816752242149582 0.03624660475967149
-0.7707358871376961 0.09790185006962149
-0.5781512771975788 0.1481472922686497
-0.8186485505931513 0.07290119006918316
-0.10255441660327524 0.01029733999978066
0.629180588452593 0.1444820865854421
-0.2563880880486238 0.05737675518237117
-0.9083520815915487 0.02523891308583892
-0.3387350724963627 0.08992088899419319
-0.2317627905040911 0.04809858061277061
-0.4713870038391734 0.1344264450360975
-0.40963186263891593 0.1162103198507291
0.9561261375290544 0.006733421983791232
