-0.6019437881808576 -0.326425951809694
0.008701257743843893 0.008777634151095613
-0.8190770132026255 -0.2476085327693911
-0.03295452847618585 -0.031903136780177
0.6540230705653349 1.5444919071852448
-0.24573189544228446 -0.1965397988717568
-0.09067582247025308 -0.08313166079599478
-0.38016633029787394 -0.2696960859533015
0.5876013698612017 1.2549761010685199
0.3793305573634398 0.5985095503567638
0.9945484255706301 3.9457806431323537
-0.770887118896918 -0.2815796978606742
0.09937516611189379 0.11032948560835225
0.3253782671138816 0.4769060839578253
-0.11552998636820244 -0.10354666072760783
0.7506353488273378 2.0545165996880304
-0.006696353029487456 -0.006651810146993515
-0.6442852075992869 -0.32431592107887874
0.09623094886569472 0.10646823595818791
0.46722497399191143 0.8351735076757866
