-0.7273814273437798 -0.16130564965806593
-0.6171154647545349 -0.23658333066487236
-0.6525284786386101 -0.2151472539305193
0.12228480865690661 0.118654962712762
-0.7668698321492864 -0.13011510523768743
-0.44943174154077825 -0.2862078997031686
0.8757484923862757 0.04756986779339922
0.11603993201913787 0.11293595455041223
-0.2518583292128451 -0.2209196644518874
0.8687052377560205 0.052293637008722804
0.006659657965353949 0.006659067252883834
-0.4188142415408169 -0.2847753844150457
-0.20468464385965945 -0.187893063079562
0.1770614528176102 0.16613345967038265
0.9755018476495179 0.0022848076224966096
0.9515477145827396 0.008507803532892266
0.8182372875603452 0.08936963339592052
-0.03754730894676617 -0.03744151515040841
0.8385923928030989 0.07385328794381452
0.11630951906842935 0.1131839561290319
