0.5297574116458297 0.115517301964148 -0.17875739693894657
0.04091025210407129 0.3835607564265461 -0.31006699778259605
0.6390444579257354 0.5571484000558072 -0.49614036909744974
0.8630188246713807 0.8122861568742085 -0.5704302024680619
0.44337540274990583 0.6726373405146113 -0.4949319726215037
0.7275569756215469 0.3933197258843697 -0.4208939769097986
0.9359982223458251 0.29923384143252607 -0.30694620898196523
0.05563786690586103 0.9425145145603602 -0.4985103579503732
0.21601120731907075 0.5042680182452601 -0.385026931733207
0.5467670585890418 0.2421672976660264 -0.28692949168921755
0.17852076709144205 0.8250137921096995 -0.4893636349373135
0.495152924548822 0.5327771951453409 -0.4521397697749748
0.09080334609763141 0.05922241567030828 -0.058149480379539556
0.13398165075661295 0.3848008603310906 -0.31284788360210003
0.30679519880338224 0.47063931108636325 -0.37990601073883273
0.1627705734136583 0.23588849098757614 -0.21167734092953028
0.15374515874073025 0.1429953447043436 -0.1358469380456184
0.06479322707218604 0.3171765028662771 -0.2671304237960868
0.8056854016788879 0.8452212827823228 -0.5896470913254255
0.5087920244044278 0.9749015492560856 -0.5643823543902036
