0.864315397853076 3.2974549050959254
-0.3738876926505692 -0.2741268320699205
0.5938382460351568 1.3541015696941892
0.43820900919741423 0.7674172901231193
-0.6873921052819747 -0.46988840144265254
0.5386086336981806 1.1144434406621357
0.4972044176664643 0.9588316482080154
0.7317150242937445 2.155301492682743
-0.1943443837308807 -0.16276567037318238
0.8783717857907194 3.4457422276249856
0.29711047320660344 0.4217200423312868
-0.5850455792624152 -0.39440191414671466
0.22408308722985026 0.28863461730157675
-0.483832046754229 -0.33471463884933883
-0.4655670677387307 -0.32461870556057937
0.9563236759334128 4.381779471574466
0.793091321508173 2.6303412829421173
-0.2884757055641243 -0.22433641038031235
-0.013657987244674707 -0.01347396007630836
0.46553054346585254 0.8519699557397409
