2.8875454737451127 1.6992779271635092
2.7980404260508154 1.6727344158744435
3.453970204956567 1.8584859980523305
2.389270356633782 1.5457264818310457
3.638443810224417 1.9074705266987526
2.996285740082957 1.7309782610081956
3.33155162921441 1.825253853362433
3.136329467466118 1.770968511144712
1.0296796964517312 1.014731342007199
0.1653182825902353 0.4065935102657632
1.7707476390686465 1.3306944198683057
2.3465836784749 1.5318562851896063
2.730237724463264 1.6523431013149974
0.0433390946997565 0.20818043784120663
1.6565190483922159 1.2870582925385377
1.2270953977356194 1.1077433808132728
2.951632150421485 1.7180314753873065
0.15678737809144128 0.39596385957741304
3.2724895318445273 1.809002358164446
3.3891573893188194 1.840966428080322
