0.32371409896471937 0.5667920741483033 0.6338458847505656
0.7392025055712367 0.6337468169978423 1.0646225543904717
0.6394373516528231 0.47823238489199393 0.823461666098631
0.4777243195096298 0.13705559181952165 0.47854259513724406
0.91481164570953 0.4470732384528159 0.9909940279487703
0.6776633422482601 0.8063730168030371 1.2323498003417224
0.3841111056696145 0.07946852278520511 0.3810503667488825
0.34761756725165227 0.0036081097086586578 0.34067186257318094
0.8444129541656956 0.713892424366324 1.235446459254127
0.611667281551749 0.7437193251303509 1.0995764723463095
0.16253499365498136 0.3263700531763941 0.26813640907844893
0.1263866898114946 0.9468068520289218 0.9071615099607574
0.06818019937343778 0.544028446286122 0.3597922828339887
0.5461194857154094 0.7525132285093707 1.0558682773852426
0.2938962442209956 0.8196184146099708 0.9120593766233863
0.07132658023800431 0.007334236595463284 0.07131990787591468
0.31651955917257546 0.16050981138093678 0.33702145389428045
0.032298077639443035 0.5853664307460419 0.36828031463468297
0.50393952386595 0.4996606581360683 0.7299543308591891
0.062216613399482146 0.08394420370667854 0.06922305306634367
