0.3966240401096731 0.322742141336795 0.7327227337647856
0.2744497384914568 0.47600353381978855 0.48177843106259965
0.263456831006873 0.5647076491836848 0.43997645346706493
0.003924416782239648 0.5886107101641483 0.00652795877005269
0.10740896981111525 0.9889592800582337 0.11782840434710545
0.6540857410224309 0.2432688731284618 1.1810381339119793
0.46923753818890146 0.2748477158808388 0.8704669937581506
0.24825864572360623 0.1708534512195119 0.4842774792639097
0.5072242225703448 0.3429899640393146 0.9149186889271881
0.9051484704773477 0.9998127191276994 0.8501616217364935
0.3345327903848725 0.4540880358460855 0.5901112328233575
0.2794828568056352 0.22700164248596322 0.5375632289711471
0.9380340463151193 0.8123824953711997 1.1092327888020255
0.8566073704435734 0.7314926659110204 1.12463883668759
0.7674736239345519 0.5235459929157682 1.2026329621662528
0.5846154159620642 0.8778747219209847 0.705066705039243
0.4110973112422781 0.15463192466846043 0.7896947160286153
0.7967836281615991 0.5163092635569081 1.2437893394596846
0.07604795143784226 0.9149352296940942 0.09266507722673449
0.6821986132998102 0.5011909098372195 1.105912757163319
