0.091913901956928 0.191978207902148
-0.514600913808324 -0.739384882421886 
0.506393754995817 1.175995554572589 
0.386917421516482 0.888571672949945 
-0.737381366913822 -0.864793853225508 
-0.133170880608685 -0.247957802153145 
0.025660740211539 0.051974099498270 
-0.322711645555760 -0.533972125024166 
0.462390547720233 1.071919149512910 
-0.317779763441191 -0.527559783134935 
-0.470208671592752 -0.699616250120138 
-0.648110934845626 -0.829772724937810 
-0.842867588342691 -0.878609030642586 
-0.158231223798323 -0.290372401560968 
-0.940952496608749 -0.863651819029462 
-0.520983590700859 -0.744710788639931 
-0.086113471831987 -0.164623814540071 
-0.762593563398414 -0.870856252922210 
0.803889472728389 1.712788857758365 
-0.091404877379472 -0.174232239946342 
