-0.06196031217444409 -0.05835910250259567
-0.029498526017583515 -0.028654031507366146
-0.23260502179823006 -0.19108504270550578
-0.6795889751215143 -0.5316099708744891
-0.2314706817422949 -0.19029389801380203
0.7883721833493114 1.899900397395124
0.6995594778091716 1.5312957806213883
0.15665532261535464 0.18504067377554184
0.3488403538778244 0.5129801868801478
-0.1775634795589498 -0.15163305181547748
0.3866338634564408 0.5939158587056141
-0.2326166294706289 -0.19109313443410184
0.9855697617126393 2.9142484925497945
-0.09157645754712473 -0.08395819281544825
-0.4395709304894089 -0.3312833669201921
-0.5378442255177189 -0.4041534617882585
-0.9778326594063924 -0.9566372079593533
0.9169513785046557 2.5287237727078344
-0.6698357861416291 -0.521697713140203
0.6657547824378172 1.4040663257419048
