0.19491007341675282 0.5564536123845345 7.876857810170549
1.6321636724840651 4.282373805669534 -2.9938770037955695
-3.5337566203305135 -3.6696795991186573 45.464926196207585
-4.7245206934630835 1.9152903194956235 7.15031819057308
-3.456643587720575 2.038817666442804 7.973801362852726
4.8706594581461164 -0.4318576742738518 -5.105514866480835
0.9663425893996616 -0.6077117716460254 9.311638465933568
-4.8399123031419204 4.053666000481048 -9.17426349019806
4.103415477959796 -1.389772454950895 -5.901682014065411
-2.910550942405007 -1.5322583963175598 27.8023870465025
-1.7347426242167199 4.682159448346802 -6.571724079024166
2.148851915798039 2.3474233702107483 0.7201099080980503
-0.6300674239949373 -2.406177922525503 17.65858554159113
-3.8086471079951534 -2.730587221132561 40.520495811924754
3.6961841814299863 -3.2375121689731468 -2.7241363198552992
-4.446769579464423 -0.993959719062385 27.79416196688807
-0.9030217837158228 -4.149496476567041 29.450626900926114
4.303182632685038 -3.694022150891434 -10.1705882767109
-1.3740800317906263 3.671934089547852 -0.9759421924113774
2.4966129161773 -1.6587471663193831 3.9333108451587466
-3.5686103846115613 3.0657506874359832 0.9856926039561977
-1.1227373883282166 3.167844763253843 -2.4933294769594987
2.9410533376523107 0.08336028377787486 -1.5173833391336233
-4.5004772256610455 -0.5130794937346348 27.582659272498415
-2.1198852963565464 -2.9688938133182017 28.616113294229116
-3.0926429294527247 0.2898681569510835 18.36252117126093
-1.4168070813691958 -1.3773919520658264 17.82631847719417
3.5498573038278973 -2.82445126218326 -3.0634979758674747
-0.21876541089513957 2.4694254329300946 2.0539427006011755
-3.5298568863047097 2.8897459714004716 2.4692533886547547
3.315475191369039 4.403707559508245 -0.10285285904652669
4.060104592570461 -2.6952717228550305 -6.820869748879615
-2.046215263664309 3.07265881758309 -1.6184456498969513
-4.032308249688251 -2.913557642452924 39.88505856032863
-0.7000707863296611 3.0605525621146317 -2.1365333628015306
4.579489432402193 -3.3536947689318453 -8.235570870123091
2.4982634849618455 2.20699395563135 1.2659557843185896
-0.5127035375626683 -1.9663542927253665 19.396753247421483
1.4662683175491402 4.4366210605587355 -3.9914684889955634
-0.9564123406275149 -2.3522949047322115 21.313110357619045
3.008221187285825 0.17761192963814487 -1.2325742383799727
4.384401371103358 -2.797784957370956 -9.034964122707878
2.9592755219767497 2.2079612805419266 1.9463113243083077
-0.23605227560318998 1.6568409538313773 3.3859863322273807
1.875251467416648 -4.560775764861104 7.277642665675243
-2.6028088139615124 3.885053036478938 -3.5824298584888274
-2.962841328941587 2.4488899130433843 1.32425770594881
-0.5097076391037367 0.8238710616685507 9.602988941049276
-3.976689204895739 2.008422331135722 6.563347878551629
3.086402631703871 -1.9384682338517556 -1.9395287854377627
-0.24473954091653294 -4.202117563558855 22.858056123144934
-1.4338917338544022 -2.5041263900950317 22.99076800940882
3.2609669370969545 -3.334100185273874 -3.1726392798565484
-4.042014544993707 -4.142102934264779 51.244038456180725
-2.324800335486583 -1.1690127020742058 24.1134901108754
1.9848171804511878 3.049793520956433 1.8322475246146535
-0.3737248527834627 1.4308130534337433 3.3519690383725163
-2.209643658197995 -1.7268254514912784 22.937797235292905
-4.084755785119927 1.9677405927830076 5.9909950198484925
-4.641329763824294 -0.9624736178741378 28.496219853803982
0.23338106070029507 0.11521741764686944 9.74071915872108
-1.0886755261983616 0.5877446217218711 7.870167311030808
-1.2633093246248448 -1.4671730987133627 18.084178374162285
-0.5320063927763545 -0.6707963478335035 14.43174931491269
-3.230482723801329 0.8132471418163707 11.889069845312745
3.2528848061000897 2.0864868515074297 1.7490872519455642
-3.579717946293269 -2.9121236514090754 40.599201641921454
3.7551403161818104 -2.3908358935295237 -2.0708727840778915
-3.0758112428238036 -2.5646227208680425 35.05760883427088
0.977371416804762 -1.9211694059280804 8.324473778854488
-4.205633510502852 0.03312454161588896 23.191116394628693
3.2090525299343806 -1.443536243603175 -2.765685960518057
4.328683676253206 3.8099753619745265 0.9513662488160923
1.2984513813584577 4.329602827170909 -3.8170786433726835
-3.3587116507704406 -4.181526870908204 44.679776938484004
-3.0384208095523313 -4.124805873869177 44.212365985540785
4.182574347468741 -4.794180400952217 -11.215987202506051
-3.2456206379522845 -4.822102326874951 50.626909603785776
0.9039346442845027 -0.4609781339009986 9.14929858226203
1.49525642089141 -4.84595426020025 11.476266570072747
-0.5367171470473355 4.777236535799034 -5.535373629438874
2.4576374314084717 -4.344231694944051 4.580884186923482
-2.210803528863324 4.168021482649836 -7.814720613282033
-1.7682154221786197 -2.0519575964456904 23.400254317255353
-4.523482586176093 0.24677290133667817 21.80092021886116
-3.0020881233698846 0.7212854203175851 12.031014419863194
1.0516583986229406 2.005073777508203 1.156928342529705
4.659947272580277 -2.0479003608764232 -6.877080125773543
-2.816484017660321 3.602197405674314 -2.6689706531766157
0.6207308372118003 4.353844887488837 -5.082133258501628
-0.27383004330205374 -3.1427498805496135 18.55740054768518
-3.9172629692637906 2.9066649992820457 2.035820237004277
2.3620532343772593 2.935410461667937 2.011369305861025
3.081018163564549 2.609421862752873 1.8831886373559923
3.4084164537933788 -4.35865723028451 -4.951604195283203
-0.4307555922959194 2.223326705660069 4.664251410163234
4.347124436988485 -2.8482586766181637 -9.262532638330025
-2.288466754050128 -1.837701230004404 23.91315439820398
4.2781483216062455 0.7671056058984362 -4.419659017354514
2.6487724090111664 -0.5126382430462293 0.8646943844491326
3.4306132955377766 1.2814864094758178 1.2594603160744922
3.1451258363574546 0.8692547709242913 0.587975936860597
4.421891324324415 1.1925943075519294 -4.422495878996199
0.031501251952169795 -1.857448915600961 12.51877334686667
-4.756692811196426 -1.4717222850222944 33.26464535170615
4.308646906839378 -0.6454926601106736 -6.751928661504072
-0.41853678238415437 -1.0535955382855935 13.193504781615982
2.0596230629626007 3.6632638574919767 0.5920532710655034
2.7870062187538283 0.991029087986103 -0.5454356398654306
4.6953898001740075 -2.6523183306606946 -7.590349146477569
-0.48637811465628733 -3.4314196075998735 24.298738909969835
-1.9307823978811065 2.9764418829686505 -0.306010061791839
2.2538019605315203 -4.518926135643813 7.089478507742468
-2.3873077157847855 -2.6574430125758477 28.490836118541136
2.960161366221393 -0.5038532463900527 -1.8595640360952572
-0.8690853918906827 -3.886041618320374 27.92912597437772
2.9593035594641384 2.357848055338576 2.007068471786241
2.6652686784368953 2.293801057689353 1.7576371334003873
1.3205731409369452 4.398447737175136 -4.100693210197752
2.3330416354698578 0.8282918193421658 -0.23025395399023485
-3.5098847490038643 -0.9571301714775302 24.85177355142908
-1.7060275132560232 -4.216747019031104 34.435488239605384
2.2357536284310955 -4.412260881372 7.189138675291317
-4.048421747250917 1.7929656673670582 6.737762666196269
-2.42412790794327 -2.2434272773879247 29.777929549230528
1.858990632807087 -0.49311439510038557 3.5980999173199946
3.4245823129877166 3.581363045374088 0.7239726646925111
-4.570836569873908 4.9865485017364435 -16.688736666959475
1.6582053862489063 -2.0278721606757255 8.745925391866116
1.111620812420794 -2.208978568485848 8.250583015340487
3.1974411088646715 -1.4423543767699964 -2.7595388156228595
-4.979668415555264 -0.5074079499759696 28.70311322514301
0.7535030894069772 -2.067832960231386 12.886963266114922
-3.2031786815985774 -2.1864478007945887 33.26816191640607
-1.9451303388591135 3.81156989410319 -2.2129076047114014
3.4273046326341507 3.641204614740719 0.682064764559991
-2.0690519627300255 3.7265421096480296 -1.6907659661675014
-1.8312469840157233 -4.735152770343368 38.614521889202756
-2.902945665222579 -0.2464237532722633 17.440176631607486
-2.9438108445751388 4.18457637064086 -8.957880793950281
-3.2086547261893794 -2.2325299800936973 34.1089722063836
4.45772099120758 -1.0905215091701184 -7.413554770139761
1.3857649534140286 4.2799004929942015 -3.402369377404855
-1.1597210807706215 3.472798806383583 -1.1486680950736372
0.9362834334412238 -1.7529740557890703 7.9278081556920394
0.7490541164258611 -4.102066791669335 17.855216776619482
4.735777983428623 -1.6261991193237657 -6.349232969965799
2.0243823206992584 -0.6744227520917248 3.9623644417411272
-4.934391657620228 -0.7380626232267451 27.665616542313334
3.622297722706815 1.0521371281530651 0.5822729044178279
-3.9499129112884424 -4.635488918305095 52.17154523086539
4.13794007598273 -3.160862505356934 -8.680292902253575
0.27215221317353766 1.4517046275121714 4.073895405662794
-2.8968695339320205 1.9335492022060476 8.275539548242635
1.596942326235899 2.0087967566175005 -0.6040180867641696
4.571007947103956 4.759045756750012 3.603431010002417
-0.5181061357146284 3.982350262847632 -3.296694691564239
-0.12573159479605422 3.0334139390069357 -1.6020858029168048
-3.526820173064703 4.553219069272279 -8.430870987911362
-4.662657170229617 -2.1453315385838767 39.769562391305264
-3.8045424763901914 4.18596231559604 -10.055680670638655
-4.487632699293287 -4.05854043560746 51.53734418734128
-0.6661040827341003 -1.2325368136275285 14.202396812982132
2.5604465429004293 1.124940912200615 -0.8557303080899198
4.571078100835521 0.8551572286984079 -5.319234754057621
2.331952588817251 -0.7409645243813712 4.496207781371575
3.354611638115397 -0.39792637829296673 -0.6077504247677382
-2.5601413704034295 -2.51075630702314 28.729899904720217
0.178871284583475 0.8390678248861061 5.158473206958946
3.620131088297354 -3.450348113112145 -3.3872077007951975
-4.281420450687613 4.328876036503322 -10.488030411952654
3.1329551645936924 2.0069425908083964 1.8432837817017895
-4.325194535570164 1.1232678113212131 11.895647231879217
-0.6376671868971275 -3.437569238268483 23.546741519079465
-2.9801746088153545 1.8013257241960652 7.874388735252337
-3.408996906601287 0.47006640348434026 17.919102845412752
-0.09642026998312048 -2.4274239924528382 18.66725386870112
-2.9314175897764305 -1.8936814132307145 29.004743401357747
4.36200785235582 -4.248513162532585 -10.182410657516197
0.1030256749827565 -4.609340407211928 23.734679026321558
1.7480439684660984 -1.3861369242940667 4.644754910772428
-0.6086910166985513 4.26449046067507 -6.440634702899764
1.2230326679662635 -0.805432863583345 8.166069416517411
3.921555293752002 -1.2896148419117748 -3.1468430428572245
4.506560503023318 -2.931027410191004 -8.21335447319486
0.37585911186499565 2.0727444483918536 3.7239170647454802
-2.684657783425898 -2.2375681989709806 28.26424167285386
-2.726816254194091 -3.906966660141488 39.98819301908315
-4.431399448711765 -1.65825768526902 33.51607660390305
-3.36489777489837 0.8646387196498235 11.808518311200855
-3.7914726779568286 -3.334256130194392 44.14158163238556
4.487393669799328 1.9875417890455571 -3.1678754636893687
-1.7033421902075627 4.799602019304167 -6.48719912670844
4.701004556724156 4.286701522291187 2.5879427379224267
-0.021596283317899534 2.0408685065197965 4.897490451546419
1.4185902670481187 4.926798193689649 -4.409085851777785
0.20967395579043036 3.910590652292072 -1.8759628616999886
-1.5716973567012937 4.384117080473537 -8.012226763631261
-2.7909453659979833 -1.1628282556139347 23.142659326130772
1.6381961480861307 4.181555110241286 -2.440601347110611
0.19553226215766983 -3.593915807218119 17.336100818930433
1.2255910208069913 1.7463851713383551 2.162962905042791
4.038848374899459 -3.1527703636905633 -6.940418184158102
4.302510790199005 1.776524993264026 -2.839672435509639
3.5850453029001788 -4.769279132655074 -5.499420199238183
0.4765083876939631 -2.712213782979076 12.422547891349636
-0.2907982242817795 -2.392410122156532 19.242326602549742
-4.503662089169493 2.3769881669988733 6.563281045673275
1.1035150707227643 0.9385771888766579 4.967442316703853
-1.074351651951766 -4.100208530449891 28.409557825082736
2.2242465646256084 3.3954086451264356 1.4511118491325627
2.9151052672586673 -2.3604886573170836 1.6127081723934933
1.5587160360572305 0.45333481462302316 5.057504180073543
2.428627555491305 2.217823098131058 1.1160167872017048
-2.845106515423076 4.471891389362435 -8.426484994510593
2.1584530147043965 4.698240518969875 -3.348498581415206
3.7411835322403437 -3.848668218272957 -3.2845199496285216
2.9607652913175198 -3.6851902793488245 2.2446988060061943
-0.29781091363461876 -2.558432113106183 18.50530091801797
-0.459032990929515 -0.7969641168146531 14.265299068957033
-2.7920226181222763 1.0037574688634185 13.557411102943735
-2.465313227304792 4.650113224250745 -7.272119359250537
-2.4896560435952475 0.8300742939023014 13.889275017549261
2.5785926635121905 -2.2979427459122723 3.1434177259496985
-4.007208861726922 -2.9970864947961005 41.02641470845004
-0.34201995456347767 -1.1588800355161033 13.104022002609469
1.5243865084393695 2.3199906760362694 -0.6981220680971059
0.8680196447382125 3.8952225285905264 -1.263991459254586
-4.618391798802312 3.1689377076640586 0.2534689942390038
0.11284972037990482 3.4959055892547717 0.4190553279590541
-2.641872611432067 0.9031657074732617 13.808081919210005
1.1248318151329535 0.4884216971647648 3.4651527166611387
-2.289768542117213 2.459220280693528 2.334137443224968
0.5104019241590496 3.9662666921783547 -2.1707276769437605
-4.825229349241885 3.7359154807800756 -4.308773802609132
2.287822799671715 -2.702788997294081 2.28813496756535
-0.3262577147914225 -1.7398904375968414 15.174109213642321
3.8501611088373497 1.7829782831492045 -0.38242488033206745
4.374012447728241 -3.51245062746419 -9.599759548527128
3.3827506618018592 -2.9852497358275576 -4.132397041315203
-4.549871950318085 2.9862720136860252 1.4779076041611947
-3.7173866716827586 -2.453787198785291 35.74889449264714
-2.303869889089846 -4.609316111136108 38.83671835972031
4.128303201817182 2.5808851093225194 -0.8350339003355427
-0.2766978698893148 -0.5557236239222361 12.835611305208142
-1.8238977544139012 -0.030105316925061132 12.625197810166263
-4.812580383307229 -3.5008990828665008 50.53184802273466
-2.4728507784574294 -2.568703956375613 28.488068331644115
-1.6972943301678933 -2.0192526428807467 24.098921020095702
0.6885175567895283 1.1271943433310199 4.1522530337311165
4.925368212642239 -3.3115527597817227 -13.080395764576036
1.9152650593796396 0.6508262550864385 3.8350658011927745
-2.7991287707109747 -3.016977361791681 33.78808943944693
2.074879932307515 -2.4109623405867664 4.560555171489427
0.03741984944018739 3.0076987081907873 -1.4441911661563833
-2.1477991783387242 4.34517930631174 -8.628404971423869
-3.483698742218435 4.688268161450397 -9.135360341012868
4.077564910913452 -2.4229140585644338 -6.799219407168819
-4.965206659615967 -1.9928225862740256 39.14007641140014
-4.242808128954955 2.0393836572903528 6.082192157132768
-1.2929985424431578 2.097993745513107 2.67385247061942
-4.159294333654394 -2.632732876655907 39.02068671696552
-0.5503124113550388 1.675601798970261 2.8749017087560627
4.778834592813052 -3.188229203811417 -9.742887096375105
3.5391192195644567 -3.3887313656360094 -3.9656577843410474
1.601618827115768 -0.12054020121112874 3.4796669722209104
-4.5917245257312995 3.502066840344881 -5.625895854124953
0.631464278070859 -1.110583487614548 7.740104445680851
-3.983275646844584 -2.8564541336875635 38.95499010906819
-2.638313772613343 0.27462068051809485 14.583096134423117
-3.0628425152673797 -4.473629927753022 44.99743919328671
4.654401206835946 2.489639599666358 -2.514614706749477
-2.779062178969377 -3.2377361103251365 34.1838829341661
-0.9895318522455305 1.8805321958321173 2.6403190319239966
4.867834631423895 2.5524347718520968 -2.7378497958003165
3.74170511013938 1.6734633961454737 0.14692475477989497
-4.7242147829045695 -0.5000331145219796 29.03489404386663
2.649644054433243 -2.9406742495192173 2.1860970423079844
-0.781299011843406 2.515574985726449 3.2862389666884786
0.7643650999168061 -4.674361585395497 17.5686425383449
1.2965584173755236 -4.169565230200467 12.023631789172285
-1.5490941250930113 3.442156527294717 -1.9193108109818235
-2.8002327147268513 -2.6957058237982645 35.035989299392234
0.45085237382721655 -4.3341213963659815 16.766152112203415
-1.3710920856693285 -3.1525416990592636 28.208857253887174
1.5939444290945861 3.964528919938388 -1.1856976200779707
-3.730363790566881 -4.10088241249268 47.37639204396902
-2.9377894481151334 1.8238467581911397 8.129928238560453
1.1011718702834123 1.2133237933454808 5.3425739477906715
-3.889716241139687 1.1989407357034434 12.192383379075183
-3.848900922755302 -1.952186093926609 34.70648622793756
2.6112708604498636 -4.555248056441027 1.67090477059953
-4.69352509231078 3.401354335640276 -4.850654567855846
1.6397163962144443 4.858703981838881 -4.324016822699971
-1.8861453061942157 2.4522280940794747 3.2949234195765413
1.6487777075401455 -4.280872947617334 11.00115251166624
-1.2736445499389126 2.1558064024040533 3.0151314083522065
4.277531010304971 3.424160650867705 0.22361065454581625
-1.1546050722785561 -3.694300842484408 29.66110041320484
0.8710604242451359 -4.559038683402171 18.086783226271127
-1.4154724920178765 -0.5020524512637099 14.097014686062046
0.6770688516130559 -2.0019339928921465 13.396507524425312
1.9860639666568556 -2.200551153570575 5.115475174692877
4.280329058240781 -3.9367938771900213 -10.468549022856008
0.45309977850387373 -4.537485112228151 17.3847297711824
0.992104225128978 2.2026229484859634 0.06357799969099553
-3.730072313623054 -2.4215562218814846 35.315019969923306
-4.6443211833492875 -3.9653334905928506 52.73081977762209
-3.810620780341909 -2.554032522608832 39.42434888986559
-3.852658355386287 -0.26624094562148226 24.123403047102283
-2.3923322693333358 -0.34871434038930715 18.973669869590285
0.7476883525059073 3.6625340165386717 0.2879487003260577
-1.8852146470650046 3.1579412537239033 -2.712669856085682
-3.710533086990969 2.9708539742064524 2.188982105654079
-4.3904230221990925 4.57892401590056 -9.689912796739648
-1.5823642167617349 3.3126228435792733 -2.71423941996763
2.695460265033823 -1.080648093061015 1.9185895972324156
-2.1885163254137385 3.791469679053167 -2.1846100512722
-3.6192289699501368 -2.3530328056198924 33.51616181958051
3.261017381444045 0.054879964629161115 -0.3201414653724156
0.8020612561501625 1.4107936108528074 5.3141130025341
0.8765682744618566 -1.4341790795787466 7.508266471987119
-4.433576527403179 -2.471515816510289 38.830690843439
-0.48749104132633203 -4.216152470453629 23.691482952600175
-2.358610417057645 -4.708970115402976 39.466527231336215
3.2594244443521667 -2.8799320007059857 -3.3807023263824023
4.288389726449202 4.925834951967444 3.0089063087995216
0.16947747485043774 -3.6721700312346996 17.090711173000066
0.05377231885805145 -1.5094708074133365 13.779810012086347
0.12719114232164053 2.6890368618509486 -0.9751092028163176
2.0333172599923195 -2.707366657344199 6.6872315956950645
0.6827116049987128 -3.9969055893342222 18.183128436091305
-3.7012472444644153 2.833158179439632 1.9674666051102485
3.708526354888562 1.542403567370144 0.2804885737572136
3.9712314498117465 2.2922408413464277 -0.5891779675769446
1.7624568775223395 -0.4959292032178393 3.1399155207852028
-0.05355696798558629 0.40577386231847434 9.73768213423853
2.2208436039145543 4.327749926283108 -2.1357841963478448
-2.6800722039552625 -1.5248216447001695 24.27652468906555
-1.0981288651269274 -2.678088615528175 24.248968872797676
2.57174761861462 1.328915283755947 -0.5316338377843323
4.13082182520902 3.125219756714799 -0.08678019647503135
0.05472608630531717 0.09548762896535745 9.152485128482247
-0.8909577076350272 -0.6754115535182539 12.764385400341368
0.8766403042262958 -1.7446149362322458 8.499135788961565
2.982245459455111 4.847550216085958 -1.551872582212435
-2.3816107824412693 -2.6797990933558955 28.613104706489644
1.9824160318894233 3.1526188456120128 1.8254446277556038
0.9110067713884549 1.6479459572119648 4.487977399578524
-1.8843553096974661 -2.413203036353797 26.51689503324299
4.738403436779169 -0.11307457309412605 -5.620368033705409
2.6609140313336574 0.48661641841350445 -1.147688121375833
4.005778393128395 0.22179438311780686 -2.837919627338863
2.6682702454001186 4.144643421087656 -0.7625861463780934
-0.01563394244871219 -2.99677236448061 18.437912428035908
-1.6173324249770449 4.299466866455269 -7.987671451345948
-2.4144236985556375 -3.8471633104109317 37.21242688541885
1.795268369412394 4.263139880153769 -2.618048079761837
3.1290759231249172 3.495307988758391 0.9149940509020726
-0.5720933081256376 0.07925600345968764 8.837677327484311
-3.6153021160840595 -2.052493634907292 35.140756231118694
-4.885350857941667 -2.185312148491686 38.88837433625234
-0.01432299490949518 -0.3385769510493777 8.08247777373968
-3.1316832620424853 3.0219387927270933 1.1416927174415659
3.5365468973677405 4.474233315374764 0.3549559036777198
-0.6914165194824564 -0.4532634448598234 14.528972071154511
2.5569332763869435 -4.105236408898223 1.619469904827362
3.4830051283511025 -0.5480494786105545 -0.2926333361801483
-1.3606180065977669 2.1711168043126206 2.8741508927619615
-0.6548981677139745 -0.410269915656861 14.452318914784122
2.9158438569709677 1.6221171559665502 1.1844168883347543
0.2897810861063821 4.797238659338586 -5.23617398652076
-2.9831714628099135 -0.34883851853270276 18.3045803060319
1.2726247713069814 0.3567577270017841 3.586532037720734
-4.585561632263265 3.3769850653975233 -4.467953025673969
-0.6388475948403061 3.0684870773157904 -2.0980859608700975
2.1642260098680683 -3.568810597401905 7.431502569046173
-4.6019046682668305 4.5106120467526445 -9.58515410767139
-2.6522949451070286 4.60541251001545 -7.525435019619422
-4.283493479498634 -3.5223122388084827 46.51002042064737
-4.113593357200908 4.270959043026865 -10.65989927186036
-4.055056348545118 -0.48477859657036326 22.585319417573334
-3.8650830127084115 -2.310060505330936 35.26550624990698
-2.7294448239899003 2.8806807103277077 2.581105046919026
1.9797327294877185 -2.0645210715889872 4.548640535187138
0.5328224070478695 2.6393995843700075 -1.11030918871855
0.8747371617166744 -2.9207526758204807 13.291404053760127
-3.510497783419008 3.6786660230925925 -3.0873774631828432
-3.6300017330062904 4.293555954812582 -10.145117940973405
-0.16826248419860246 0.6484747983955019 9.422381538528393
2.4310316570951844 -4.108964947984658 4.3561811953484275
-4.61554988684161 2.2770969506703036 7.026464367554807
-0.7973388872638223 -2.776143697429995 23.708643080400282
2.440595524646227 2.0855019213741226 0.8225391342312159
-0.19311134391595797 -2.575047040047911 19.096944474961123
-1.333092223180853 -2.2342775570169993 24.612740903265724
-1.5821061497467035 -1.8343206558215917 23.97842338812381
2.2938923047755395 -2.8482857807999706 2.5849148391851857
3.959962627504609 2.670295673276696 -0.21007838661774603
4.372745011222289 -4.996834840107177 -10.556915731009308
1.1272987459618804 -2.4694148925362946 9.719032504498738
-0.04318559447429404 -3.2206013927750976 17.339365324197637
3.7302820790877806 3.8661125372256784 0.7047144642180979
-4.318238936941495 1.8524540740308737 6.730635885377399
-4.324473182835518 4.6167811408421855 -10.01751798092944
0.7426800628172314 4.649221029114532 -5.434188452270904
2.7505115873818706 4.858391375010836 -2.2204911228261173
4.084103639402176 1.0529065717711177 -2.6015134028255966
-4.5667921822397854 4.616164609315151 -10.541253385600843
-1.8031254512524129 4.825837112260489 -6.776128866786146
2.602065989214365 -4.803698618900649 2.592392680161915
-4.478093871141482 -0.6246160778976728 29.10137911746628
-4.534562912058239 -3.4306715553889147 49.55783308605939
-2.14524028119531 1.472154207126069 8.206875054669908
-3.8749270966971316 0.9828015748077341 11.907275571345668
3.3540458949535754 1.5797408315773298 1.4971080157743
2.83971224031019 4.763065935485223 -1.8309040695363745
4.40087424135954 -4.458262670489156 -9.955010859816305
4.204516302725846 4.423290454972538 1.88729997432866
-3.3594209018729315 2.57100123408755 0.9532443797830992
0.746286591846637 -1.7969795652407172 10.835324999683321
-4.594419764717644 -0.34030017355958364 24.594795517758914
-1.4439062796479538 -1.1379682417888501 18.986880016082004
1.1595093163973713 0.6665228546258364 4.206905579191187
3.2840086332263603 -4.432162849838964 -2.5975203599399994
4.283126011982748 -1.235541494475214 -7.426910154909305
-0.9699535338407603 -0.37495240676128105 13.889022198831634
1.6158464454653245 -4.7859496333196 12.505890315251216
1.4573028324571382 1.850721551058463 0.313126490996986
-3.395259436204463 1.4831199882123638 9.232091882232218
-2.9482085390525006 -4.533322565375898 45.58668614857266
2.094828945670849 0.9104361617448511 1.118036322962534
1.3928934146501124 -3.083246971832041 9.029432071464617
3.0380855121913335 4.9996181462430584 -1.5639993676942912
-4.947251214363324 0.6549399364812603 16.643826999471685
-0.8590797323433801 -3.062196260081056 23.8732922006725
3.675989953355929 3.3226494574994128 0.6535293647541823
-1.7360014074609023 -4.246172657667781 33.96736721884077
-4.135525259712739 -1.4310518399607117 32.01945841835717
3.8772958783979092 4.756110695994005 1.3553389661181305
0.12323392189320082 -0.8042549535299415 10.498551335764764
3.1098516778469776 -2.1510547526021204 -2.0114363843551515
4.27097252495531 4.90925066140527 2.914398677169691
-0.5643921167181514 -3.732498601697538 22.653664458883167
-2.465723414420693 -2.5424325610674767 28.30547836908448
4.662933885831439 3.5677860960209546 0.37894138355085827
2.9616323981062216 1.0350081126385717 0.20099159847712783
-0.45358136827641093 -2.5875871734800135 17.548557999801677
4.938495331627577 -1.0929445815121461 -5.938683660982356
2.626559458502058 2.0979085897321887 1.3465343633755595
2.7628699504945553 -1.1405178005991456 1.1343006153353994
1.2174101035093532 1.4968595291654232 3.9402204297628316
2.399992935501807 -1.1188100805602197 4.359377913758626
3.9763722283083442 3.5983956552826832 0.6032346460928976
4.158893782861028 -1.0424813977945857 -6.121216168095282
-1.2722372488407552 -0.6666595346569242 14.655490242429511
0.9627363824287354 -2.1555890845808134 10.19767781580884
-4.086357807264466 3.6702875465826494 -3.8344739573898807
-1.1698601183631165 -2.9693904677182035 22.901030081930305
3.3710858212327786 -4.627444422035859 -4.34254472806591
-3.924862307849847 2.1703727068849332 7.615168115040325
3.5649289035996627 -2.088605098553452 -1.928834200312664
-2.529705233787568 -3.6394888806354286 35.96909998532996
-0.7488196450133149 1.1766535739829376 8.326273791941901
-0.6179741995015728 0.4904440703529831 8.122280646331795
1.355176607728792 3.341484686734823 1.4091956819243743
-3.4502773913699567 1.5510769445753194 8.209418930250513
3.363604894047967 -0.5267748518224007 -0.7666931781043775
4.927370191639561 -2.0439036769297445 -8.466608229203736
4.1351923729161335 0.7467743622908776 -3.4093820084824764
-2.6986141177466685 0.940708595089573 13.729829868939422
0.4782281408286968 -3.4444531850010893 18.019977014495126
-2.4747109409184818 0.806046597932756 13.944260129424423
4.17123536956629 1.58459756526229 -2.4615904038294
0.07891629885477514 -0.6156186691448653 9.196303930389185
4.03944260090274 -3.0487807366886157 -6.836269136336669
-3.6118654202358624 3.2538350810176837 -2.8133431312756594
-3.313260778593079 2.8837009367077577 2.6390126822786
3.614525797484717 -2.4150419729114727 -2.087656684349216
-4.856983387610106 4.09140547406648 -10.02314525864004
-3.6027826762349946 0.28582431404737285 17.99362294605412
2.325979325805334 4.941202029961865 -3.3083873058376354
-2.3861688695498664 -2.4746514299111 28.51538681974483
1.9440082490937058 -0.16562541313049461 4.85893319906868
-1.7550022655590647 -4.557413886569623 34.23387775682249
1.9958780453145835 4.298154640624379 -2.4287235828335803
2.9477203893463413 -3.2854212453421408 2.2934783413336266
3.9541188564001377 -2.7502252591708443 -4.876837160529878
-0.7889242757874291 -1.795636614572528 19.163142507392703
3.312542420327052 0.927361985826102 1.0660733892446514
1.1034813385780957 -3.5177161670327637 12.789508377946861
-0.3689818095946933 -0.022511227186291727 8.269482979910176
-2.3115463834282113 -1.297225814614884 24.62844161802231
-1.4248293372792409 -2.045605988677611 24.289824528361844
-2.323322145085095 -1.9210168492861768 25.68467449367439
0.5160952052172361 -4.803898567996718 18.02969464123696
1.2206179699866313 1.5569292073138294 3.538960876412588
-2.703807801890213 -0.11859728122415447 19.020500961049702
-4.49612105913793 1.6431042656624273 12.0167692503652
-3.1362280573744803 -3.5653261086853014 39.188923436293436
-3.2716420515800415 3.8471512246512454 -3.520333968227994
-0.3484541961179577 -3.080761980181176 19.1900545562341
3.1879197353672435 0.9612770953010159 0.8649690443366973
-4.209870024061591 -2.8441584533497233 41.43291574671933
2.5029771750927674 -2.3504652667310544 2.4954601950631026
-0.29384141502106687 4.250459795131276 -5.878409941312585
3.3776561204560505 3.697082760406266 0.6380656422892172
0.5982760999960863 2.41429886252687 -0.14627698651626853
4.973811602539314 3.595768903053239 0.408821347121924
-3.134723289807754 4.041810881698684 -6.979030237891289
3.6558697281053476 3.580899520667293 0.6684457697572841
3.865189238518939 0.3700937697502118 -1.3352612771378984
1.3855445810070162 -3.135814776536864 9.521829336368667
-0.5160671329478248 2.3742505462741947 3.9437217019201825
-2.275072020087947 -3.5572036584646396 34.0022982866066
4.90591175329682 3.5542124295260447 0.27036758630097935
1.394001271418257 -1.2150740884524822 8.47790299691502
-2.157127962876355 -0.5569254658265219 18.77365424495152
2.243531475353599 3.208133575337227 1.8102738643487482
1.6481976660919804 -1.26436433608343 5.39545347633884
-2.5134141922978728 4.555517357900843 -7.658473235360783
2.586050085078279 2.16438926389743 1.3846708246532828
-1.203383176926204 -3.079299148628359 24.03428346263711
0.5808511156369836 -3.5302252882941323 16.950230017199928
-0.7236281513008347 1.7248045693005487 2.8097381235723837
3.062556212617782 -0.48871266743308084 -1.9690991191341403
3.831458434864434 4.752116526575827 1.2039647036972225
-0.08389996945556355 4.501485283706325 -6.406981443790315
0.3911879274815746 4.060131678890729 -3.196293901698297
1.0268081207592044 -2.8449570177947567 13.528465143463453
-3.5524316553776303 3.9884802618028754 -6.303164720651441
-2.213908932027403 1.7770946566064634 8.271906168615898
-4.901031676800834 0.13345718567390819 22.930304389702123
-0.372533611586241 -4.160816271639125 22.344762110006137
3.1640547214604613 3.8138030240044163 0.4435537309295693
-4.305679277704927 0.5470356299561505 17.132752689913055
3.7712150002525178 -0.5461331397567957 -1.0099344699070534
4.600777179869626 -4.919903386800835 -11.081588902642132
2.605952509104972 1.094459307982902 -0.8267447194650666
1.4025456222476604 -2.9259845335446153 7.9512915361549545
3.4299560571348344 -1.6442989447016352 -2.1485102657819244
4.55103376318743 1.335716944018671 -4.570823975167466
-2.823558320398364 1.0176943147137347 13.539116476350133
-2.220995612449653 -4.098154217943655 37.285148903330175
-3.109105715846691 1.8594391270164579 7.909922822833329
2.043256035496497 2.1376985797679735 -0.13815440114395616
2.624402725520322 3.630173276853778 0.7374501687594139
-2.3792731848470963 2.9862059773160823 0.4402934330360205
-2.332732497027181 3.600354155483899 -2.05457645316799
-4.5891592968440955 2.641812651403307 1.1508381217026158
-2.0525820964230657 -1.2497380385019996 22.17397257999131
-0.5689481933721696 -4.960428312028581 28.212623291133635
0.8589192903572709 -1.70091603053246 8.446958733237055
3.1697999259654512 3.316034206797184 1.1292676840614972
-3.1181113325866425 2.9051878757093474 2.5763528651277507
-4.838962017308078 -2.40815204894558 42.57952228634905
4.765400963380866 1.3460257392114858 -4.711536908548135
-4.790187133573327 -3.278422378139582 50.73302373237114
2.402002537289646 -2.4980916651408536 1.6504303766409987
3.1291111693357294 1.1326627428614628 0.9604406365962563
-1.7880074655775724 -0.7456825706675483 19.377801288059306
0.5347132824827616 -1.6609417286452022 12.878846024023721
-4.519305709479676 -3.357815522986324 47.510699603170124
-0.43797331892419145 -0.7318054441552393 14.50356806890118
-1.1938000732370724 3.1158611712110513 -2.471432260012376
1.4471155840282304 -2.139422630161314 8.050369175265644
0.504360620102906 -2.485205030362735 12.433391032553347
0.2448361188372754 -1.1515826755480338 12.389200839298518
1.3963884995726055 -0.31792249293700614 3.3811716510432275
-2.4496967696393335 -2.9889814629320375 34.41554401162767
0.7957610749100166 -3.3636147710949427 12.028005500368751
-0.376086595408335 -0.4248325921975198 12.54567658509582
-4.598177113535825 -2.0020997102156546 39.95455354228851
-3.7954215152163595 -0.9948044227927344 29.03631411800711
-1.1239390942026493 2.2200703159713253 3.8160658249976787
3.0269285504250316 0.9549793601412206 0.30017555830715414
-0.8277120244300153 -1.286821939744911 17.1700448709111
-4.172444199869028 -1.248185724656543 28.6949663803532
1.4002227673144088 -1.268385627625058 8.637510957879998
-2.104451765903712 0.2045013276871135 12.421581577426059
-3.5365985880464637 -2.3634141899476457 33.5764181154595
-0.15603990291346648 -3.641358858012982 21.63088455214083
2.335293606804621 -0.9912445030460058 4.4495497666744726
-0.9007066254599208 -0.12256681276867187 14.133372056228303
-2.306379315451345 -4.321489393394321 40.45217206985891
1.9361646231258254 -0.5201121014140728 3.936546306248675
3.6872626286519257 0.8804937612010093 0.19940395490122498
3.9342909884274455 -4.92041122194073 -6.2936509179120605
4.08101719377578 3.8921698159860334 0.9469789352662326
-2.1341419342113124 0.1127478934866053 12.903124303882311
3.6089039115811996 -1.3807706384689435 -0.9455073081638519
-4.086781384459507 -4.974149534384175 55.89074771866626
2.789600903181296 3.5018489345010906 1.0285800520850659
-3.4399237355042835 -0.13076651666016303 18.899126434316525
4.939700532818296 1.1299402989679166 -4.487542221527495
0.6734388024108124 -0.9004287841053893 7.95586715400402
-2.776922834377383 1.0464755543849105 13.123923145624016
-0.23077998727002935 4.532685932727242 -6.503287354389217
-4.87870593423006 0.5622149771342873 17.648873708329738
-2.194663330773622 3.130713613429304 -2.2434875113190116
-0.9334501129017783 2.500753399239274 3.7580601274639243
1.8333931853528904 0.22596173553769727 5.132865931759461
0.4499781307471098 -1.2022278023773314 9.971084600657402
0.5407676853469567 2.670132254251061 -1.1762325943187317
-3.115085477166659 4.83346057553498 -10.520260429707479
0.5755657584434806 2.4629488426380117 -0.4018092829538289
-2.4310024981933887 0.6759170030641046 13.774322210121657
-0.5580283960168071 2.8335053232503524 -1.0531494088514028
-1.4018364571681952 -1.6505861213770334 18.913978895477825
-3.2461269099452195 -3.183331295073615 40.57580284213137
1.6402895551717043 -2.382323302424305 8.524834983586812
-2.7164325448251003 -0.47241732683716453 17.88718770976886
2.6664698422431616 2.71803856078896 2.074825289325021
-2.3720990778841067 2.8366779799371544 2.6858802360531704
-4.395341691184777 2.1012810218390756 6.185645625933458
-0.08688478164041769 0.6026924977854993 9.336662533705493
-0.3057530851686341 2.391820063007982 3.206872534476598
-1.4512934204746197 -0.7244267197257361 17.743018774806103
0.3986677214831502 -0.3865875675031871 8.630686937602368
4.0295797531464945 -2.922901258082664 -6.504798254561553
-1.2359754404204901 4.1915628690133975 -6.733627127364213
1.0730094400656585 0.02282965070544929 4.139460172473549
1.6148002749212313 -3.109263971225041 6.565180743490975
-1.9277048794642457 0.07878873523506602 12.495242874206461
-4.7287681327580575 2.889017448978074 0.3190331656180454
0.7172024409982747 -1.9437971607477875 12.51622567247264
3.0859281149460536 -4.405993151910405 1.3346850310014522
4.254834306650013 0.6925045621523847 -4.388626869095734
1.653678527262084 -0.034280804620888006 4.003256839160502
-4.521528905561026 1.5307612914005109 12.677123440928463
0.8145674633399613 -3.485743422232439 12.253926181860258
-2.619912835581145 -1.0889357983494352 24.507098480615188
-2.212394621777526 -3.311953282119143 34.8839391374816
4.842958779914326 -2.587314511515979 -8.96292847641386
-4.706174856413553 3.1493184793496134 0.652129756222336
-0.9971392838111335 -2.618072076474922 24.44904593222239
-4.326680368821791 -4.730218880197924 55.790194948533156
1.3024777029216246 -1.872136313609655 8.006819727820377
-4.557004625822576 0.43034498777924846 17.889757186959727
3.3401275398510126 3.0527880381663106 1.188212607645132
4.323405814495279 3.584914067876486 0.5064019177465717
-3.091202392552285 -2.2326133687282033 32.298479666780224
2.657773304888024 -4.711331431159155 1.1054900633024678
3.7977922122178533 -2.1384927463401104 -2.207070311776742
4.699184975032187 -0.35496247698287675 -5.893737504813826
2.941456966015199 0.4992290656605567 -0.9229488393034971
4.615663317826224 2.4359211985329434 -2.5531165660012016
2.338951186492131 -4.755459965359731 6.964090687896917
3.4520665541702993 -2.816749068520996 -3.7481428193163557
-3.6190411658641453 -0.6683081625148972 22.586473713471875
3.701551858790298 2.8393817999363975 0.5663162539143534
0.10953261172240758 1.800828848297952 4.993499397801548
-4.034239939554835 3.8765608059191603 -4.491980051705156
2.6624601215135613 0.3389069255121102 -1.0678425402645335
-0.10513618100323452 1.003940847479 5.670087975350095
-0.9945217212992183 -4.97234699178626 33.32196030821547
-0.4818805891768516 -2.922998326576165 19.866729173866432
1.9275483918305616 1.8252178710061386 -0.6981197738496854
-3.584019323876124 -3.3830488270050116 40.97140969529639
-2.0015070545635414 0.8351772385624079 11.114679319434329
0.3296665998378856 -3.564358710721632 18.506454895551872
1.6340821001225594 -4.022106258044307 9.85106515532005
-2.27921676901772 -0.5965803084352572 17.87674893756996
-0.8157485495161438 -4.4159907020562645 28.910357021743902
-3.068503557724105 2.857460119862698 2.815892966571919
0.021191296711461582 -2.5030966928952547 17.743958253563143
2.6987819961875514 0.42749507781969776 -1.2210485327049816
2.261329725050416 -2.6734213521537162 2.548409932311422
0.7838390832503954 -4.711569365729749 17.597520169382836
1.856129289984386 -2.5002782966923953 8.251177922764928
0.620378533034522 -4.274486387195705 17.92007373746036
-3.6760044104493184 -4.14983383345263 47.19174530309364
-4.756469862300907 1.0573715699959463 16.253159959424522
-0.38144321011299187 2.101403141773714 4.826544608912021
-3.699798056777015 0.8851100882923202 12.344856351483342
-1.090467916958835 2.1979229050415263 3.7783180296072127
-3.502756907291802 3.721437158519892 -2.9548906636670216
0.7609457032979181 -2.3406221166286523 13.944207084970516
1.0588583073491247 -0.5488316752182438 8.340648217654746
1.1384844451245453 -2.7689116006175327 11.73231429831081
0.010095159516964713 -3.724243149362759 18.980632744122303
-4.100980847194959 -2.881917622711292 40.33492455870899
-3.7578980694594435 -4.202238700732925 50.1070954956062
2.0064158236568943 0.7724534707059441 2.5145048386955122
1.5182295250490725 0.8405118481801575 5.19970047847129
-4.988081612712415 1.6322409512430571 12.228736075826777
4.805934658945928 2.269137246924564 -3.289052341780937
-0.5174802551325719 -4.276542661973309 24.984989700227075
-3.7677782125825643 -1.4131112035552382 27.99775079881692
-1.2874390272971956 -2.720153356301557 22.869537484576412
2.6752853655097377 2.139094868212549 1.5315659257003784
3.792529952200038 -1.4360377997284504 -1.7087372473710332
0.6965666373684796 -2.013058249795423 13.245342243748125
-3.109339420847448 0.04187023632376885 18.340697666817874
-2.8728655578345554 -4.05471065208789 39.57483424456624
-2.637600911914 4.807845842174206 -8.599466602870933
-0.7847647653453311 -3.1898588689454 23.737373833252885
1.8407265467286669 2.7597704257409568 1.1728299606016037
4.6615238613031895 -4.746386050546749 -11.91679815836036
-2.073322346633014 -2.5587399741125525 29.89213190852956
0.10493588546560773 4.429808303001918 -6.128718173571837
3.2494652278001173 4.787635637933734 -0.6686761108894579
2.5925767320134865 -1.6560091778610198 3.8856525193235716
2.949428455373524 1.1829905418351991 0.4541240745412204
2.0621568574740703 -2.1547191476537932 3.6407449011335338
2.9796042001365164 1.9019094679649111 1.7061050873555488
3.151550451534364 -2.220723045053247 -2.479758042197142
4.949966784570936 0.8437654060169937 -4.490155731462586
-0.9057177659575979 -4.9062998026015485 30.306905353566997
-2.909413548489288 4.255361283588069 -9.381084791405017
1.3803140075294218 -4.0841385199927505 12.927120297159352
-2.1113822013135 -4.5758319995220855 40.40254390023719
-1.611741097506214 -3.77013712279467 30.48343845084409
1.4396658101049837 -1.8679003818946702 8.85962276052795
2.7425798993872608 0.10908165999061303 -1.2234603491610416
0.4777044125726624 -2.6975018746741295 12.371603825103815
-4.694886331371409 1.3320222806372142 10.966068014425348
-1.418162455356299 -3.9544930970032963 29.180074150564337
-2.664061406064535 4.231032176631686 -8.97166949600357
-4.004165817639934 -4.4211330588218765 49.99844149679602
-1.6901943962637467 4.520006234610337 -7.492408959059703
1.5418432981898187 3.0753087792135094 1.4169829665654987
4.406494453759315 -4.4217778121822935 -9.882493545367964
-4.875872335733661 -2.6272147902811427 45.84523358105632
0.522707593490674 -1.2347975740289763 9.285825036363025
-3.587663972164897 1.2753470433222507 13.29756603409766
3.21016039573988 -0.11690379694117503 -0.8748071393133623
-1.077489807484684 3.930641450716937 -3.104815172918512
-3.742782152458232 3.4914981069747206 -4.742669369537948
-4.241525088646955 4.191145087771993 -10.62568651002465
-2.9145431154359738 3.3087612327173925 -3.8216659675364935
1.297870047337348 -2.841986195546453 9.236239677594323
2.7925903311613762 -1.0293046993281885 0.41732183854479543
1.2091614316077504 0.3954881126376453 3.478174487675121
-1.2437891824109961 4.356854355910574 -7.6685972269327305
0.5236037684749864 -0.842675552421353 7.709648736917742
-3.9395638101808492 -1.2618883610215814 27.964794184639654
-0.14178954966885815 4.449711765707098 -6.470135769070707
0.7731227673507739 -2.041647358895593 12.431281314036935
1.347513468699626 -0.48938692788096816 4.542567913159439
-2.634203183364069 -0.04499151823889935 19.13876582138898
1.0907172265700895 2.0305638058045012 0.7995265848720334
1.1156883477540989 2.410984339686589 -0.8734485561834666
-3.081633458006098 -3.0492102914756734 36.11163432300091
-4.545650685644035 -2.2678159036798973 39.43936994913025
-1.6888713529210353 3.198834309489607 -2.9084362896182623
-0.5455733956835775 1.6142181163653095 2.9360972590010266
3.1666557850132158 0.8676246132830165 0.657842880054058
-4.192234384519891 1.0744967598043962 12.010043169434443
-4.810851721657805 4.3544906428403625 -10.616179876383221
0.9847816657582573 2.6547683963830746 -0.8888888478365863
4.069079090855789 1.516369469766369 -1.9275713624222568
4.272512448614394 2.5959959394852703 -1.260783605775066
-2.7677431712087097 -0.7161186583240582 22.39519424737411
2.308204422523045 1.0441743581870488 -0.5644462912554362
-1.9526651994529418 -1.3905235636084456 22.9899848810777
-3.0350054872248022 2.3271951786653053 2.6282076679596695
2.333586541856353 -4.257547977274138 6.696311161540871
2.133486098926043 2.677830798797327 1.52699888556294
-0.6188915830480033 -2.521535481324253 18.058151848496315
-2.5424739084113113 1.5522735944414396 7.421067056708107
-4.479628568380375 -3.0677351049518653 44.9060703921703
2.038686156556979 2.2655244322956776 0.1914012295136368
-1.0063097220015358 -2.057498236381574 18.488452414195578
-1.6807502348989303 1.2165912015263416 8.140290848051734
-2.5442834883886665 1.9843086977745301 6.801288034044269
2.781576148253029 4.751125582610221 -1.9678436378089095
-3.445751120401488 4.043226329122589 -7.357026214875735
-1.1059784010470821 1.9800422737280403 2.634936447675212
2.7315335029894268 2.301286468519552 1.8561476422431034
4.406810974964861 1.3632028218018881 -4.059630523401981
1.0098104004892736 -0.29602496385439814 7.1115773336982615
-2.9383051505161504 -0.6276344960969329 22.818178545296256
1.0049734179942167 -3.575250721123331 11.834068786586316
1.8770744986303711 1.2826178874083807 0.944492206695601
-3.351310653601339 1.7116772920427437 6.387414115466615
-1.398665501334456 4.937226954073301 -6.64068158990945
2.4726334452926837 1.2541405893878483 -0.8164636331618539
-2.5567643373612237 3.220764895632593 -3.071287701272798
-1.5539395691443572 1.1648415866260144 8.28054883418956
-2.1379196482399143 1.6335319685433696 8.872120197057857
-4.233623410070599 3.7083617500858814 -3.7749248455599385
-0.9125493698441289 1.0858202484697186 9.457408192857695
-0.7033462377117576 3.5781149908201755 -0.3094996895364175
1.487973003011148 2.1745793831515314 -0.7358640072810436
2.4172406365394217 0.9353947961264355 -0.7777786605213373
3.163293190916482 -4.197786215312115 -0.08607210398683773
-4.9996899577947405 -4.8990569064577 61.19048403335846
1.3804116469938768 -4.729303131823894 10.981879819020632
-0.026940727759573235 -4.024028219385933 22.82343459745449
4.777591033227527 -2.5098116723344033 -7.915160039149005
4.71288961193263 -0.20876803709321123 -5.777739153546202
-1.543145706807901 1.49761894374155 8.755141506062701
1.6115145575677357 -1.2132985350711314 5.621637591462945
-0.94571801801386 1.777458111664223 2.8238178684208264
2.137275492219505 1.813011684078841 -0.5817797369453372
2.3261974017365095 1.9142841252335732 0.04673209232773423
1.69381998764141 0.8644227297263392 4.413973076575634
1.318787080177282 -1.192377411306996 9.002104811216439
-4.482553779442963 -4.679811704610799 55.504653038959724
0.28637922575946995 -3.2823488453715024 18.933191849871758
0.4911788650200126 -0.16145428007906482 9.719496553537729
0.6808980812747567 -0.3709210443030404 9.681899699382175
-2.807966265319167 3.8754508625322437 -3.5847686743298115
-1.7746341981139246 2.5873133036679423 3.878860827361309
-0.606149305989029 1.5945211423419279 3.075489193488601
0.5605966802147391 1.2125707741973182 4.037053635195062
-1.5478852534384737 -3.7709492099186526 29.26489039352474
2.7134822799866374 4.167425146943778 -0.7619554433389735
3.8539857024379014 -3.3397768138543595 -3.658036033070031
-4.613631037068626 0.8273063255062798 18.164160319072185
-4.975743726629739 -0.6055553340748041 27.802384737055917
-4.325293823941133 4.838528992731396 -14.752854920492886
-3.9343277536511345 -2.941219848474618 39.20758263473743
2.8499058790474274 -1.7449276257756683 1.3489497450074173
1.854208221142624 4.046558129717466 -1.3986135961557657
4.814486891424272 -0.9429757671482015 -5.607412767227982
2.5352187242279136 -4.6250609565215886 3.6787976161457934
0.7368557474002912 -4.971064579554778 16.357220016064584
3.1713462829553123 1.9881287147958968 1.8173438020401373
4.063649628844715 0.7874378782565117 -2.7595037615750555
1.6021820286221402 -1.6351629699911996 8.10095619747177
4.532279743921027 0.42542617188959664 -5.835832278607972
-3.979394947010487 0.9201829494626823 13.457452439646605
-3.57882488117827 -3.454000569097243 42.347592805002144
-2.106278342425881 1.2806861711616024 7.2164728594923275
3.6896628217993594 -0.6382078447516246 -0.5263746736207211
-2.2105914384509227 -3.99503968673781 35.300007286676
4.54894395529395 3.3245875294123604 -0.2218865986758921
-1.3437233767180148 -1.0010906192494442 19.379193756111583
1.6446822325339028 -0.4181374274882197 2.970176738439062
-1.2343061671529911 0.3454758967393978 11.791514460146841
-2.2235213595607863 0.5920112583025574 13.986810776615297
2.824464557873055 2.327409121601426 1.9637536551457673
-3.1628807290436445 -1.6372526618182768 29.46984110660121
-4.467139514720638 1.4546887752843531 12.390287983733968
4.48747183698006 -0.5565974509328875 -6.882001757751394
3.245132293252091 3.692277469676892 0.6301124156948994
0.09236868144291854 2.7920543069693267 -1.3953094783152389
-4.668042451117133 1.518160615586761 12.283631613501054
-3.2178771269550097 2.8779010417904782 2.699378388851933
-1.5616745972585933 4.0603607037806615 -5.495893289077724
-2.61398543760352 -1.6841261168261967 26.088225768092965
-1.7310416845506262 4.415057309261167 -8.076710107064574
0.16715999328949138 -3.4268393286035126 17.82544008955332
4.8712651572843875 -1.593571541880039 -6.621685900408396
-4.1352567814086285 0.5117059981097958 17.547322503032877
-1.0645422710410535 3.2134002275261846 -2.3595606161706377
4.146232035687364 2.5991440645980326 -0.8663145414322625
2.7565118233152877 3.5711289983270973 0.8776856802296542
0.46013515267022953 -1.4966462726988872 12.563047105868062
4.111334050577518 -4.773792216658947 -10.296725722063098
0.7461440221026887 0.13338828842656802 6.4909828464666735
0.4249471047269413 -0.3609667259642704 8.888682898816446
-1.4486454121013526 -2.708260485230939 23.569989571167095
-1.844705819486335 0.42000733099324616 14.250957453768407
-4.251321555009584 0.610530864035721 17.930702705971772
2.0341672906427295 4.100650075111238 -1.4561892866077564
-1.8491043802181606 -2.185048342195545 23.145209691444915
0.23582675499933003 -2.23489910408638 12.478756016636554
-4.913793833842504 -0.7051531604991199 27.539348421953314
2.320942402804156 -0.45287604938665815 4.203993085133809
1.4439906447608006 -1.0505875778823892 6.975339342576213
0.10546213448662378 2.095647289512832 4.4293885699660605
-3.665735273555816 4.393734061599027 -9.536300591295424
-2.109964085426095 4.0842139180964985 -6.524570097338021
3.117448136575341 3.604939970205564 0.7543283680654929
0.08379456334344226 -3.974740999765877 19.971486519925676
1.9755453242649965 -2.8939228384132165 8.005481347641282
0.41918659433596694 -4.102025604490461 16.984111752412538
-2.2760454995961563 3.1952655156061756 -2.9169622807175166
-2.9202098865076542 2.8898508471847073 2.6227602438347586
4.475162791265607 1.4100920203745302 -4.230770064218738
2.0940806527636857 4.839901002439959 -3.665902747719249
1.0295374609200811 4.9053521444967 -4.628456311610435
-1.341758441583142 -2.6445702301662664 22.896773941467266
-0.23045380808839333 -0.4299140842185212 10.862592512847602
3.7578856657433395 -4.807509460273164 -4.22442103032208
1.3837605310609167 2.0540733326086444 -0.32950636288575974
2.748959248149921 0.8255219912365348 -0.9297219152031992
3.111240321282928 1.8829895152369627 1.7799724493902294
1.1578913505757873 2.196357777541679 -0.3508363186946175
4.280923222234081 -0.05517571384954145 -5.730037946548256
1.2843416297245334 0.8083693220899004 5.134157728688313
3.8276090517624954 0.48048287812999657 -0.9448021151239503
-3.204557283345438 2.2593959948295783 4.542947190452842
-1.058374845371869 4.078792089422899 -5.15432575982253
-1.118107441720888 -4.032069939187767 28.428648859650536
4.588675746746283 -2.719813345072415 -7.632577474601934
4.915528495863285 0.0915868158735762 -4.7252979655815075
4.831782777111883 -3.5026221708967764 -11.826150322124082
0.07715967747468522 4.0545713468884585 -3.507230298314934
-3.4867096183187805 -1.4043806775981684 29.311177065810302
3.0108637192535603 -3.66547595296053 1.8541766399313206
-4.2527063290965605 -0.2309164795038825 22.730227023550395
-3.049607922866946 2.6783704739910164 2.1609310693718413
-1.8760771859482936 4.889418035904603 -7.471280259939341
0.7682855470061902 -4.323039478743257 18.30535730141832
-0.7422561622784949 -0.42703626681996276 14.504549466373803
-4.0983226889128765 -4.921946234145331 56.240193506084296
-3.3280040733581586 -2.299867563188558 35.17416912671539
-1.0612632795092813 3.3009707204811516 -1.9944818118045664
-2.63006399545082 1.4923493368585046 6.899488783480651
-1.7508148083933275 -1.5409147045555684 22.440900321374162
1.8725314503698174 2.698889605418147 1.0692847064347606
3.2853054320354236 -0.7141187608983426 -1.510865170676382
1.0617966678302988 1.0522735698003025 5.158371365601104
-0.6899505321704611 2.390077788127641 4.159159827407831
0.7128088331869815 1.3927154628576996 5.184173348471596
4.232273993367354 3.7558452855515334 0.8180476936879917
2.154049099988371 -3.372748990868989 7.119235290708055
2.673402613374126 3.4607113642977403 1.1614001999678438
-0.42846338453760424 4.613841954721082 -6.354387777497027
-3.16319077834051 1.4306771461978158 8.811109280617025
-2.8797180643939724 2.2491257145534647 3.4196953408941715
0.5624279570572766 -0.7277557062298188 8.051483385430307
2.8508381081152754 1.7153627279479844 1.1787323725846028
-2.777501665598292 4.255176259108808 -9.226662316972597
2.77068070554677 2.6087972271164777 2.070299402469569
4.917955214934853 2.823538290950099 -2.1023039153152423
-1.6962932283495489 1.7198971113860182 6.830479595521336
3.2042327667723605 -4.777710440923927 -0.29723224401359327
-0.6093869385669359 -1.566130153477272 17.48111693930996
-0.32958797864667844 0.7741101874430658 9.382332302105889
-0.665191366484736 -4.706325957290706 28.689476503485373
-1.5144272171371798 3.4689604580975946 -1.6938839255542182
-0.44861468810215577 -4.959145354121154 29.11448005345731
-2.9083462004968155 0.7961624246782399 12.737849122690372
2.453919173834068 3.482890685724506 1.1703079075847735
3.9075925766089163 -1.0899148146281323 -2.8055869975067598
-2.4531079107062093 -1.661477346393502 23.581972112681477
1.31522931313686 -2.3832356881984906 7.0894320269338005
1.728619131221107 -1.7758619050503621 7.122103723313925
2.50232617089135 4.404123461348318 -1.8367228607108221
-2.474797496189013 3.7836108979186953 -2.318847023243116
2.225948488950788 -3.9994839781233917 7.4150101597436
1.5926843725577635 -3.4396778615153 7.4476573479023305
1.0512798447078815 -3.981488457618717 11.60568380882054
0.6654794489116487 -4.173138909350752 18.45092885745134
-1.1869079248461856 -2.3642074283834913 24.458874508133515
-2.3050303379951407 0.5918126212029948 13.738609449626775
-3.8987056176110113 3.6455819622737007 -3.782655482460396
-4.218510746497683 1.7916767361273624 7.433205351809127
-4.611652155358572 -3.567689593324973 51.430042579622175
-4.940871961256702 1.8831817871039815 9.021649766412429
-0.10165981129639334 -1.784758907378058 12.86791299017194
-2.341296344400492 -1.1902740321827796 24.37607245184413
4.544331467117026 -4.6085878451719715 -9.750881917695304
2.9899110247197394 4.550519330297266 -1.0713538907977684
-2.4123720387237224 0.128234822964016 14.941440423001787
4.4684494241655965 -3.9241620076749917 -9.08771544702387
4.646419191012379 -3.3698187162991786 -8.490054084611378
-2.551138679999526 1.2381654045908412 8.407581052191686
2.5621004818284643 -4.114944254289876 1.5515958161982404
-4.21794499167404 -2.9932326655560946 44.8516413642685
2.218440333195617 0.3528859287222774 2.494333600261095
-3.127030172442554 -0.7543622265692287 24.249816483169763
4.150559178499021 -1.2303177206285074 -6.284374727289864
1.2147006776510647 1.973322745499873 0.641292245281663
4.538167943655218 -3.548505145291345 -8.480563947563573
4.599224374437126 -2.863390134112991 -7.725842007366813
-1.7836367719971138 0.8346757936761833 9.325617808586895
-4.531400201826406 -2.4985429067666787 39.623008051099056
-3.860708556833339 -2.7673947518229545 39.98642432939816
-1.7052974514538022 -1.7700816241855577 24.440206884597647
2.455910251575464 -4.978648128689091 6.266856188503941
-0.6594091067038255 4.7018525916871425 -5.9712322307501235
-0.5512790339366713 4.571995514486055 -6.6079171667245085
3.082023968256596 -4.257352350435366 1.3301535158654576
4.607221606511905 2.1273475954069188 -3.217395713474401
-0.3415567584956367 -3.9093079484938387 23.521980603952937
1.0706253659181844 -1.2509453020813313 8.842135571937076
-0.7442137894188185 -0.4033340789472648 14.525941522484557
-1.7796064573041614 3.285759032563938 -3.0339493715890318
-3.097765655552341 -2.5817285204080576 34.83021427266142
-4.680195124492528 -3.7216412548124636 49.88677531496882
-0.5783869355137661 2.2267986173308705 4.697302003550102
-0.6105783907801552 -2.8983408600598812 22.055716173924736
-3.5944343456339034 1.7381339793595227 6.331518581453693
-4.467152005713522 -1.8667269561955226 35.226184089475
4.335935678468131 1.6991987809067046 -3.1342456379324237
-1.1322315646321215 4.401314918392789 -7.5563096444595645
-0.06440007033216766 0.38775774909968774 9.71579989451351
-3.173379129437448 -3.0955358168113456 38.81396964098615
-1.2185178347757475 4.133771350217449 -6.068343197112959
3.7390292168344565 -3.3525377379274133 -2.8145985526565833
-4.22381726554165 -2.4887614901890576 39.73915295004584
2.7190134758872695 -0.19229031487625559 -0.6855919008492765
-3.3495434616490183 -4.5382962984383575 47.70635930372489
-4.195319925885715 2.1102110650308834 6.839825992051078
-1.0122285779359643 -2.8917826542533454 23.667836193501763
4.4431945176316585 4.183676379418559 1.870904236448137
-2.0483673253425003 1.4722152118009966 8.526499148266943
1.743175722639334 -1.2849110109235262 4.192184529497508
-4.334392393370208 -1.2422476824458641 30.539821889647982
-3.81139915145708 -0.030144876098985307 20.769721566157536
-1.237370185937663 0.09063663591809146 14.325087589649526
4.092466666003887 4.074819655458366 1.1880411833601723
4.126471959341192 0.27200769928581714 -3.981429017015446
0.1882168780960667 -0.35030435099958535 7.8859431484781926
