2.6299433132962005 -0.5915740971110797 0.8633191275707729
4.357833512323989 3.9186249530054713 0.2201047264462573
1.2256616038517674 -3.753715337250304 0.4547359992572146
-4.6275192596936545 4.634759119787491 0.17819385410205968
-0.8072918969690726 4.243789949590997 0.38719407213270357
-0.7359949606162974 -2.1094723658860994 1.144236398139072
2.7808319398040195 2.523143398419432 0.49691666666804934
0.6898158177539928 0.5787127440085493 2.8462110661469633
-3.5790006730262744 4.214945168649951 0.24558704189885522
-1.6537111597678322 2.2511109994865075 0.8161382082239063
2.165203043959804 -4.616090501197382 0.2857510686448599
4.860597708676213 1.1769550744966297 0.29617965270863966
0.747458910543255 3.2395686667521524 0.6128624521132209
4.796670133817845 -3.6646895199292384 0.2081274083349824
-0.20740886698719052 -2.663260337170148 0.8756592286730314
4.639787935106675 0.5285299572233226 0.3360359585578147
-1.1280026035707258 0.6316488532908506 2.1790230019141332
1.9683882713816248 4.365306695333684 0.32089266008443385
-1.2282569095658213 -2.073548956757273 1.0245612547254535
-2.178649462625409 -2.832719640956225 0.541608605692844
-4.0746952476910625 -2.9433291714497747 0.29340217751005093
1.157446659250887 -4.983540649924221 0.28393603309165516
1.5073130834480395 3.916878936373717 0.4078733145400085
2.5468439285625486 -3.48651209680349 0.38755595428348794
-0.3826371854733681 0.26602485077204996 3.6081862651909864
3.0117095040497475 1.2460429281650462 0.6337629052332202
-0.8607030294702227 3.4152946279540455 0.5553609053890122
0.6283217811203325 0.036620392250767075 3.338717970713499
1.8174330786724244 -0.39682670462901104 1.4650580642020545
-1.512068205795135 -2.5236579320571826 0.750807144638335
-2.33654627022186 -2.946042088955675 0.49570556443109265
-3.3059738684545703 0.11889491846997835 0.6180661084826701
1.4647339058595366 -3.1587406423532194 0.566448363059603
-4.98080464324604 3.356440503888148 0.21011654567091706
4.05346871974441 0.2190162747343285 0.43293377464510335
2.8255665661312896 1.3170483858298514 0.6826845587399483
-1.3914739397549978 -2.3509937025119476 0.8453647123632534
2.7156467401537423 3.980801461715407 0.31718947924591223
2.157791788286988 -1.6001811831601378 0.8679947864514365
1.3278240322088974 -0.06593407630578518 2.1234443325049748
2.950998021825468 2.4895522559032894 0.4731975087165126
3.3241467213370655 -3.0106183453914226 0.3617654729941013
0.012491595114184406 1.733858273045147 1.5979480586130559
1.7339584035162687 -0.018992593233232213 1.5977719186521027
2.9263895595019225 0.9687809821419933 0.6955135281101037
-0.9396203126180245 2.738173942389441 0.770677058059396
-1.0051773504979087 2.1795463035492944 1.0308210872488017
-0.04674154545220688 -2.9455373405250085 0.7491776607043037
3.3433825239314334 3.570307333178839 0.30857886480349067
2.6870492960060055 -2.331672646149139 0.5458168469685576
-1.4122826717950785 2.616721565090444 0.7378866161981712
-1.7314641288985344 -1.0549896195475617 1.3091208964535088
-3.927100028392685 -4.194688316497414 0.22845703879033408
-3.214098317995667 -4.989175688374589 0.21492491221669366
0.34127436077235096 -4.786800686670224 0.319617366831866
2.426949477018826 2.029583303143201 0.6661508356315652
0.6471406691888699 3.5982033292073687 0.5206347652663291
1.1591131363889842 0.29647298267387967 2.331383087974224
-1.8680677048651209 1.7754277913114027 0.9257308375676919
2.1551465976961026 -0.7576504007160958 1.1082341679553631
-0.03745985135802421 1.7077096328144146 1.6267848728751775
1.1962158853653708 -1.0515884831569133 1.7633687889183773
4.953673020750363 4.918791781129686 0.15768708064704218
-4.00103068961644 2.4706530131856166 0.3317798723595197
-4.614157267799036 3.9833019501510947 0.20430500411908809
0.7330926304830454 3.8276377337643446 0.4654346302465328
-3.2807503225547863 0.17215116124736252 0.6253440026512962
-1.4102675016860458 -4.07778732741204 0.388025458418297
-4.273532602753405 1.5314025801604982 0.35385274115903464
3.4016724590350442 4.702838959571029 0.2241645470106026
-4.219512151947052 -1.2991677860974482 0.3722294542347448
2.516601246818217 4.760045803220045 0.2581368120543301
2.586564955425196 -3.9451542829330766 0.32983487670440154
-0.3766799094797504 4.168189318113512 0.4099265781635754
0.4320598066283736 4.410009523402945 0.3697736024597736
-4.54785572427658 1.3635749868396623 0.3259674411763335
-0.08683797313279662 -4.218824750908821 0.403917533296612
2.4195430586796824 -1.342727270647317 0.8284056026331594
-0.2710281781341841 2.2124732846159256 1.1480241851188073
1.7256033998237106 -1.96845901352214 0.9036956426291538
3.353654872518888 1.9538623778486377 0.46880734112036804
-4.441282355056374 -3.8590443509972294 0.21847648977565115
1.0430856302183802 -1.5242860411192072 1.4783398540334136
2.408851906215964 2.044256010511135 0.6676932370847536
-3.9297302857575134 2.22289375737589 0.3573975543499347
-2.5128474613965657 2.9245540833608104 0.4742871463238599
-2.9919265098517234 -0.5002006594773514 0.7141693467611081
-2.6540031321790627 -2.5347477391249216 0.517174100088802
-0.4896011630679755 -3.2410543201440634 0.6277393759238001
-3.87725534680364 -3.876568347673258 0.2495251911576586
3.0062300117934413 -1.2322694860556282 0.6371503085415509
-3.2054511404944264 4.906864065834487 0.22006901819875319
-3.9406017874980903 -4.699725331044392 0.2019398308094991
-4.257869331230482 -2.8689045394245802 0.28208680556836857
-0.38212184525020554 4.279305084765776 0.39103610127258964
-0.6227224543307468 -3.7244093627720654 0.4920349276244057
-3.7860205267575697 -1.0252970156205796 0.4601619031532362
2.0138825902460713 0.9004875468395621 1.165059700667042
1.5096841192474333 -4.733433599364908 0.2997990621575016
1.659396463172329 -3.584329772331649 0.4545192024767008
-0.7146261367864071 -1.3157564272259958 1.8859448935537892
-1.660100732690104 2.9774015211229017 0.5873346742358057
2.1305159292308034 2.168167059685447 0.7117408262801468
-1.813170003118537 4.057920968036015 0.3677432527007564
-3.286135841180463 0.24818679044662595 0.6220701734285425
-4.644352422443712 0.6070876158883305 0.3341887898362141
-0.06987493176223936 0.024442405510500365 3.989070073105072
-4.099204337176989 0.41178463291389544 0.4216508702367671
2.6852091305589374 -0.21323993215732528 0.8643211047128985
2.1992945788935794 -0.7987006101855147 1.0702599847295093
-2.474216659674202 -0.9531740877229513 0.8859074244927932
4.794975110963122 -0.4314998694023835 0.31773797945039595
1.174970344804965 4.500250511716313 0.3385124327992374
-3.828392634442678 0.19112441630865717 0.4792393884518227
-4.667909407428611 -1.1902287361658548 0.3173844640802796
4.1107484236743375 0.22484819687166446 0.422190115868123
4.175072302245297 4.574231647394793 0.19824147966079744
-1.934741638481705 4.123655319331011 0.3516830036267144
4.178119075288851 -4.820996188563761 0.18735940759030917
1.1740822979806307 1.2283858992602994 1.6368617468081232
4.661015373649661 3.9029527821081036 0.2053487985331067
-4.753583969027605 -0.61442107497757 0.3203321997649437
2.525337876620889 2.0084137824625117 0.6445865004447037
-0.039704392631313645 3.2273784751763444 0.6442495597329754
-2.549023196159055 -1.1259124479049554 0.8192358129605807
4.7133987316297254 1.8613839795828255 0.2890081746076942
-2.122315025007385 0.025542245066761282 1.2298471345922155
2.502277073820556 3.712775273654456 0.36287612517589035
-0.4670285161319745 4.024004221639977 0.43452931563812514
-1.3782121825490181 4.312299005352715 0.3556283956529155
3.5226904951651665 -2.18075197077113 0.41742700380685394
2.267028123565659 -2.6318312644388575 0.5687492620061061
2.810175421874752 -2.0557061694515233 0.5664513352280167
2.8467096916510437 0.10641846236826247 0.7908982670011743
0.22625417709601336 3.4606606416664007 0.5703138917282137
2.261894333162421 2.4575731261611313 0.6080953463059038
4.327602340674016 1.8957882594017352 0.32891822097189344
-1.7385119711232546 -3.6724791271648205 0.4322098603998221
4.34345113856565 -2.5863194140142607 0.29033248105332443
4.823354438817558 2.7111361714541253 0.24528585586833596
-4.765682299017247 3.644742000730215 0.21054918793030908
-4.371995880389741 4.483089446023353 0.19411615041569655
3.7000683362465185 3.89105123966171 0.25948090148085146
2.330673971831205 -3.631527702709999 0.3879721905420145
-1.912913875883011 0.7821237738237983 1.2757223307257848
-2.584808349550837 -0.24068032953618346 0.9154196603188308
3.451827064088688 -0.07031878641413325 0.5747103806694223
-3.8782031949388927 3.03263965640852 0.30490868714348296
1.8385247534108817 -4.431844729683632 0.319726046229603
1.713026541913325 -2.660666940404921 0.6659114952257681
0.8781901961581626 2.811519083890394 0.7493543202754741
3.180576454075041 -0.28346480262535145 0.6559302433189931
-2.652571918246318 0.6974647192224568 0.8401071508927285
4.297192844582529 1.2258248144339747 0.3641575588586636
1.847619533103252 -4.613195201496181 0.2996785807921552
0.05201326989383759 4.491268345440343 0.36077969799988363
-1.289214827953634 4.880107129633203 0.29114708544879897
-1.7836463880911815 -0.4807458044836235 1.478057051494414
3.6030944349199174 2.018491640412253 0.41980210717928473
3.5196158447715344 -1.2015483473430622 0.5053244098376498
-4.682267046817997 -4.723736012303902 0.17302045872160587
-4.093608688614698 3.5498732015670758 0.2551082896458385
0.6486021318467241 -4.6493822652501 0.3328141408626505
2.378775714259427 -4.483989222457698 0.2881353092484976
1.5179975329309139 -2.820443181330509 0.6525702652964093
-0.31955066652372466 0.6812581272269025 3.1174192347866296
2.6768043616004746 1.1663965290798988 0.7600399529695655
-2.1794557837907935 -4.139346959178654 0.3349491733362819
2.5258089965170862 -2.0859301951930798 0.6283964895996624
4.245643198610342 -0.36438951304205514 0.39685953369188576
-4.593384216984868 0.509901352005655 0.34247780533557876
-3.7213098047417716 3.3165775817612158 0.2979756260193352
-4.361070026531787 -0.31420244782342266 0.3788299419241657
-2.2377360692440695 -4.339988430159323 0.30956203512499314
-3.9662054600305208 -1.1206904657815677 0.4213468454125382
-3.693688213532764 1.8519755857597486 0.419437879870947
-2.137846117400195 -2.3131452402895714 0.671083124865205
3.378899774367156 -0.7763832189915698 0.5706242118788717
-2.313845663201727 3.8179235509855776 0.36479006204640146
1.9188207451171815 -2.1469498991129576 0.7773581291070488
-1.445784030618805 3.9614218288765226 0.40438445005196205
3.914848556040072 4.701964764183483 0.20286798599993056
-2.130246376143996 -0.20196758061887454 1.2160382321718033
2.238384846435628 1.5410338379752595 0.852410274337358
3.2150386647365554 -4.653731155601389 0.23533781237315962
-2.7007737575931126 0.5069660352251955 0.837591662382035
0.961609533880269 0.7714720912130844 2.2728163237563286
2.281245390100551 -4.527154156659083 0.28881695040769756
3.6405649928665955 0.056374752911844794 0.5243532051089617
1.2292909073949563 4.903093443932455 0.2903655113096057
3.191430001876398 3.030541204114229 0.37436699022580094
-0.2796029540533249 -3.712976264735166 0.5042746557492731
2.6840193839097237 4.196638469346759 0.29833230938766186
2.7755867665406413 -3.664997825300257 0.3457801066958579
-0.05676036211437463 3.63901363687582 0.5247401195867806
-4.98623711871614 -2.611257848057339 0.2375210299230971
-1.3363015621835639 -1.3814739754070238 1.4049452150747859
-4.390338543600611 1.2292101190981422 0.3510923133358532
-1.9888463857104233 -0.038744360664115796 1.3429553687350453
-3.2981773856795717 -0.8420124782385532 0.5887998890962832
-2.7661476048004765 -1.4829462204778823 0.6750654903434392
4.386736620834995 1.8741404515618516 0.3231558023831356
-1.2926678593039798 -3.7131673423300624 0.4582268410029265
-2.608134289897789 -3.7343634628220324 0.3516818202162767
-2.132857642952999 -4.119905626096823 0.34009695349458563
0.40871198450087487 2.389631548718895 1.015565518765975
-2.469612414827187 -0.7874964243183911 0.9175220928176944
-4.310324032834555 -2.1805608903837417 0.31578441617196845
-0.24453873314527108 0.8873964604211029 2.8097073013292344
1.6529115918850028 -4.025647691685727 0.3820812296079146
-3.10257056291782 2.7727465229336463 0.4142058657710796
3.62788237184688 2.7566859668351507 0.3514807528993992
-2.4176434799311917 -2.9504579146905705 0.48337778881314497
0.43677560177756547 -4.324033451095795 0.382994320414983
-1.2989647813977268 -1.8158118644737464 1.14539628508091
-1.415595250773205 0.9451548662291778 1.6335773208804476
2.8355955334977425 1.4015661735936638 0.6663895725221747
0.730839332006676 3.5223831322600283 0.5354283194376184
4.805523996448686 4.862702497867103 0.16413981470521372
4.884379983979347 3.862086040817834 0.19620886980491903
2.5866017037527653 4.710834963619096 0.25904659999218377
0.5866150532381988 -1.8342777946998847 1.4013717417786897
-0.037627697719359254 3.510096517008316 0.558573660839379
-3.7310985208390903 2.6524312602828264 0.34848536425449794
-0.07911408700862843 0.9003630425119571 2.8399886692545158
3.1368925698328773 -1.2623191179662974 0.5955241351284007
0.22480172155547606 -1.9007398983590331 1.412591992403156
4.266113826537305 -4.808320388427236 0.18467360450879655
-4.830131939685314 -3.29896502159142 0.2209130377531265
-1.8722390126523312 0.7148822026435848 1.3297130821694936
-0.6779189601561679 -3.177256295458272 0.6372201051888314
-1.8004445319668938 -4.713841708738915 0.29131264719068106
2.2707844641606503 -0.9925469188682348 0.9826064570422715
1.1989634314022322 -3.3908564816213858 0.535639404205787
-2.542046175341741 4.988821861697687 0.23987759771586317
-2.614672603373517 1.5801729461165035 0.7058745034628242
-3.7457713314909578 -3.9289436190443916 0.2542313565508434
3.209065117399991 -4.340919490654571 0.2568904360787654
4.541190012861641 -4.9150313810350665 0.1710134721031528
-0.7864181767572873 2.760290068114047 0.7814289648713253
2.2779920309451374 2.8239773824997174 0.5275619480660477
2.219266655237667 4.914013558515373 0.2574609467745442
-1.4572459047002004 1.9104353915196324 1.0291600918622716
3.429615682389354 3.328705690758021 0.32202819404847594
4.47814948421567 -3.82510744318437 0.21807117825362604
-3.5685433119922094 4.405408915984863 0.2343146199145224
-4.036318524821527 3.5658704168059057 0.25800376819910603
-4.706289992438685 0.08769592474883492 0.33116892270385434
0.7035991368183137 -3.447453603402262 0.5563286943141608
0.336748141954585 2.2711016449941184 1.100215615813532
0.17108708134396622 0.46257297626090654 3.5662629863310906
0.8957470015021931 3.10098899261053 0.644200422636437
2.3891586360283945 4.73270634046418 0.2657225694952795
0.8896289368570809 -2.0800173566954703 1.1239251298989537
3.8421098693584383 -4.6227726311021495 0.20979845292315155
3.0462702148961345 -3.393050443331288 0.3509918267105623
4.222178622936598 0.3784298519157847 0.4006008717271464
4.129379716575759 -3.751242678957362 0.24151965266716427
4.454392358692303 -0.15497074996625315 0.36587105048711
1.0841490351770648 1.518255842508557 1.4597261730091606
-4.602802377512381 0.9197089919601762 0.33289426859179594
-3.3048480824955306 -3.8418806632880864 0.28899575114386805
3.415098555245459 -2.8107416419677724 0.37100302121234463
3.255773441665669 -0.8469988849179133 0.6007147988963042
1.1201934663732418 1.2751801380758954 1.6390360070975778
-3.1002005466653513 -3.353300651294522 0.35001951181008933
-4.667357890407286 1.7536627846023496 0.29784550284305567
4.8364798923241175 -3.9360190452670563 0.19567660527402686
1.3213009709614765 1.4585640586961546 1.3621089358831884
4.130265757398963 -0.5875358121170802 0.4122798893137656
-3.7311469028577737 2.631739452121443 0.3501475690760634
2.1178301776173374 4.347860790237455 0.31509587164334335
-4.687575714977066 -3.6174931747015506 0.21586835921726125
-4.251670416281784 -4.9054390775052825 0.18124136522493062
-4.934868436470233 -4.155273529171054 0.18340536943640667
-1.1125634998808307 1.3330290093160677 1.595289467246469
2.055650372218861 -0.34990473432071667 1.2602132851694434
3.5485513955438037 -0.5929053535013429 0.5353407266869438
-4.114958464173981 0.5595405699851934 0.41567146234216923
4.745727263002925 -2.5203265298699886 0.25911793021746177
1.7183884614401679 2.9791701442922776 0.5785231808242697
3.7233545474950898 -4.703062447278966 0.21062516844791224
-4.146362846531888 -0.1829848837801551 0.4161073420520924
-3.7535142531093344 0.08538824827656466 0.4970129397681926
-2.4040350676224853 -3.2097699740269316 0.44242874173878777
-0.20326303714507965 3.3175828165993853 0.613136216238428
-0.9210448561290878 4.518895065147767 0.3438089597380628
-3.1113335627642833 -2.137836452193984 0.49228523697826554
-1.2070616552550462 -3.3627904360663283 0.5418087626904411
3.8829732515279787 0.5863370482864667 0.45920870837875444
0.7502821509762772 -0.604707098662967 2.7316862805931406
-0.3713192664350178 -1.628707639173279 1.6699486126647425
-4.426807844405362 1.933169043390146 0.31578402755307095
3.7820985706039707 1.0549045309823484 0.4593188957065419
-2.84657056282282 -0.8584428841255756 0.7380149948066309
-3.8562407042100277 3.094497843094576 0.30249738891471184
4.662684153292435 1.8448523392811964 0.2947233070617753
-2.6744104472830452 -4.157047705090116 0.3026460701950173
0.37127721974768235 -1.4569246582103847 1.8777243578778928
-2.4120331704054134 -2.6931672828376527 0.5308188786849688
2.5078770008092457 -0.9146822508713273 0.8766075517094175
3.1982625569382357 1.76478698646791 0.5213983006155655
-2.27386191846082 -2.872216966635297 0.5188041091628567
-3.612822164381595 3.575588019331324 0.2873840519697946
-3.5829386258420337 2.477305263636599 0.38141569993825336
2.632526646243191 0.817289834698248 0.8334931541625896
4.228819857140483 -3.198729610282961 0.2656502136476283
-2.2297970506502542 -4.737668449353926 0.27194699601161665
2.3063283903041985 3.741785869935235 0.37523254790258864
4.968282039674435 3.9832589892139385 0.18801331188372045
-4.364892840898572 -0.6236403756088436 0.3731131522617849
-1.545042638868992 -4.852767662382854 0.2863636076162289
4.656452472014797 4.145782696122657 0.1957422929794072
-1.9681376543194928 0.09341531419988058 1.3600140325742762
0.02721379398591761 -3.0736044930831943 0.6988251334962424
-4.242524958579155 0.4905054541142899 0.39526446247193747
4.657218626989753 -3.4339672613908867 0.22546759977268152
-1.366609280249782 0.1416934253883273 2.0577730316157172
2.9789818490678144 3.205211181627538 0.37829152205360467
-3.886647226390073 1.9534694183464083 0.38237135319966004
3.8322576868458675 0.4589642593652119 0.4734611090236774
-3.943209988239337 -2.8878443508787797 0.30901692053312113
1.7602120385012068 -4.52033759323905 0.31333476325356696
-4.108816613894504 -3.7014284939503286 0.2455272088732186
-4.793509239601215 3.6067808524966374 0.21060058603653045
-1.1975760630852417 0.2879612663718838 2.27459469053877
1.965527663551737 -2.709374511477339 0.6058765829994255
3.5943916795228166 3.646344582765627 0.2835322984878023
1.714024507510116 -4.513525644887416 0.3160831761826701
-0.8346195878009723 1.968831824135469 1.2171208850517024
0.6207219219588023 -1.2758382158189163 1.9934918186807422
-2.536136448803176 -0.0667701377706944 0.9482665661882645
-4.11489672164841 -2.9743597945121114 0.2879853462073394
2.8718084240169333 -0.5209291764886395 0.7605538132601762
-1.6537783983332508 -4.348679608804538 0.33832364471981086
-4.841539147484555 -4.823006530093988 0.16426466112400293
-2.1866225912510764 1.1103672205135258 0.9982239448640888
2.7710378543048675 -1.0378728847346217 0.7437826108765768
1.893437645984819 -0.5888486093913681 1.3486520416005197
-4.565162270906279 2.361629807626268 0.28151169902465695
-1.3460911834341305 -2.097395861742383 0.9742991010280592
-0.2028390980836292 4.41008799128252 0.3722658274848159
0.5391911673335104 2.692500399208013 0.8385493272399466
-3.8057557244947224 2.91391180394439 0.3203246985953736
1.1884659268010562 -3.493822747210972 0.5121885296944325
1.8769984332425604 -2.9553931501677253 0.5611092988699947
-3.943897071183511 -1.4195314826450325 0.4088016270191701
4.303187117761505 -4.183789768574872 0.2104071799324957
2.0983078559388435 -3.5321217021384843 0.4237562056045809
-0.47684651570748393 -4.84864803945836 0.3108393117135221
-4.075509864890984 -2.936906121891616 0.2937375352709777
-0.025067522333643844 0.04179228884605202 3.9952556816554194
-3.525823731776198 -4.636329203237675 0.2226738699728355
2.308121966348552 -1.5459933837058326 0.8232550997995449
1.1390067233445418 2.444295793461105 0.862820377769544
-1.3084857699844434 -2.856623046756528 0.6738300278259581
3.419119446519961 -4.032770886758187 0.26707958225354217
3.958738969341276 -3.9721838346689453 0.23916394042777345
3.6212021756333126 2.5590417571505277 0.3693137242809145
-3.092830981141871 3.413121725071761 0.34460473109867756
4.935652640995716 -2.8083987405824296 0.2335918481169985
2.0670333280282183 2.881186017856874 0.5489280254409633
0.028292082889919357 1.255808296068734 2.2359766347127437
-0.5943437676139949 -0.06364215584058464 3.3937205777969286
-3.408007515592203 0.324014165931759 0.5831116121741476
1.6716623950509817 -0.6815939834337819 1.5211943672126893
0.09489563733286133 -3.376084465714521 0.5967053732558907
-4.415477168615012 -3.234531699362604 0.25032359064012816
-0.5092027543638169 2.766426251613349 0.807069798211974
-4.662384274107695 0.14151251147122856 0.3367307656204471
-4.08546128513597 1.933395932499832 0.3566808639584502
0.4243747397251081 -4.81608538946508 0.315273763816092
-1.4309805676019005 0.025554206094780874 1.9761096239523273
3.3467739282609994 -1.562689753823714 0.5114142876543337
4.347596370224881 0.0788664626643314 0.3826320606787208
-2.9391735175619793 3.702016819860482 0.32862753085416685
-2.209676327232133 0.971408453159917 1.0221938924477842
-2.538298943362234 -2.1071632862913425 0.6209686212104423
-1.5183264491577342 -0.056874096787541184 1.8567732167565811
1.4548750445172338 2.8798241627498635 0.6446388934957774
0.17508652024508908 -4.47467956203649 0.3627556510804638
0.3002538744005845 -1.5916965394519011 1.7302346728886777
1.0417324631937888 -3.481809194354689 0.52603194710752
-2.5713866981340203 -1.4649161314772154 0.7436320355536647
-0.6151190560855992 4.586209403435092 0.34170966016393545
2.8049352344232066 -1.484967775902506 0.6626471064843266
-0.1658437232662271 4.828064770373235 0.31573488186685206
-3.857592597860423 0.14516934704123496 0.47331411278970814
4.585462619210045 -0.670544160106088 0.3407721493532134
3.6493179336364374 1.1093040866343191 0.48343986012821993
-4.130847025969683 1.3715606566571221 0.3819513513062477
3.071127335847141 3.0371421019229583 0.38729563313044146
4.428974226890535 4.903384072103428 0.17521194270247253
-2.6528831360506344 3.6800251246888234 0.3542899711260949
-4.454093112705722 1.526031561640834 0.33102008520516163
2.642098983891888 -2.166359425540232 0.5850604720137591
3.957358904446002 -4.28853977752492 0.22190007926286467
-0.05653147790581414 2.16543542006582 1.1954025356761948
2.918995655782889 -1.8618742371057015 0.571955125030425
-3.99190865593011 -1.2807082231374878 0.40867310021751085
0.7647281890056075 -3.8024979293563077 0.4693789024796376
-4.219842651632172 3.529332644309731 0.24796005649128622
-1.8529419754714427 -4.420626243872498 0.32031608339491563
3.9079463679761055 4.469777160057655 0.21475960815495387
-3.2498397943058253 0.09275075313286507 0.636432850345243
1.9271830254269986 3.439460161950983 0.4559984152727727
-1.6554000525791879 3.7268463331620403 0.429421078239347
-0.84894334416094 -3.0661828462853427 0.6599471916875851
2.3907612952865245 -1.2747916373147108 0.8564546386777506
-1.0163784752553329 -4.942538770331614 0.2913146570433315
-1.6426497481527957 -2.2402540213078472 0.8232962987393919
2.872516059992371 0.1074692574880709 0.7795069071354024
-0.7546782842727495 3.51225943373049 0.5367144323602009
2.078865912806739 -1.173339112924113 1.0391758707109886
0.36117164061580453 2.8424980436688143 0.7835271193975766
1.357479384248581 -2.129457662594457 0.9549570381841966
-3.0073029703418594 -4.5839951501509155 0.24955639251810177
-4.8351715869105565 2.521311936014623 0.2520804661425144
-4.379734237629393 4.079646543128581 0.21149704319784757
-3.91745132249649 0.8921597061015332 0.44095662926170187
4.679370323283781 0.9865184655154167 0.3216762510166141
1.1971099794685935 2.3310350741321084 0.9022423951517653
3.1715960089782467 1.5922294179714207 0.5481623767644955
-4.234719747930774 -2.274427199494279 0.3186505730810668
1.3818627396347525 -0.28324747735678724 2.0051262231812923
-1.3734655528933382 -2.6713145288570797 0.7257994245750018
-0.9132416088496349 -1.8219748407539313 1.3000514619818448
1.4616592642269932 0.10187569837727395 1.9291861070416387
-3.6112142390123836 2.913904721169054 0.33996680813140795
-4.519423140457421 -0.536470124014806 0.35222141641209065
-4.36846233352186 4.191266500356832 0.2069848162785468
1.4061170591602243 3.21337008957957 0.5593266399887615
2.318154186418929 1.513439266991691 0.827785682104525
2.1531751610615615 -1.814433327968532 0.8057748614535676
-0.10462412197426474 -1.7914890343187686 1.532455736279974
-3.38187427406212 -2.0885767897609195 0.44945773062272365
-4.458757697791912 -0.12460243520225145 0.3653627695760764
-0.6624157804333279 -1.7535474649821703 1.4509251646096606
-1.872335624301451 -1.4388695134757357 1.0559681371935181
-3.898849582537114 -2.3302750342278724 0.35349413795603585
0.8809092699118812 -1.8562025466178014 1.2858658038058113
-2.4606417517663437 3.1026810452571034 0.4524531799550274
-0.2427827490208836 -0.050338632564585595 3.8807118818311275
2.5559262448482123 -1.336713538187233 0.775226696585915
-3.1827357957956304 0.13256448709500024 0.6585782018759725
-4.358101580068152 -2.722976310763603 0.28161428971023195
-1.7456964127865193 -4.899771162629519 0.2753378502724868
2.805703610221456 -0.8783133388264126 0.7516390144347942
-3.02302715248135 -2.018247881015638 0.5258999937756531
4.225254504954615 -1.317610251482754 0.37056127107450254
-2.8803540697594423 -1.2915046179088763 0.6686490022697142
1.0717902561132693 4.60114084737854 0.32895776399343
-3.5677319977460775 -2.9779162930598124 0.33903049994422146
1.5944385488281618 -4.791959535130798 0.29085503975891325
0.8004131464798858 4.4190434490739445 0.3608706801080436
1.302690974917744 -2.2405276194453414 0.9177503224822608
-4.62395921824241 2.5039718439909597 0.2698065507665647
-1.3527800582149228 0.7401214500202968 1.8274045433958406
-4.5963217590640255 0.8291592347540142 0.335941375718514
-0.30079158462913647 1.171628331234043 2.3100099647224743
-4.900571448153146 -2.369824985647726 0.25291107778629957
3.6580233890170017 2.567913749139082 0.364044819646858
-2.7875971772012145 -3.738698117378787 0.3368625065752069
3.9374460306283545 -1.8991661830802586 0.37896168735756863
3.181274020436758 -0.09014462605748896 0.6595963192338966
2.6784986102581296 -3.4873516357085554 0.3749535484771483
-4.5181106194881355 -2.442121166607696 0.2819156797187975
2.6149941514260346 0.5647815058091421 0.8736321114895989
-3.502532319438094 -0.9278475505066721 0.5287985779188613
0.03460578171051942 -3.9822856018252084 0.44793344346018377
2.8570757873575134 4.589779687149939 0.2561724788291457
3.742870045728516 -4.572142569577663 0.2167225042605184
1.1634443531985816 3.3403422273306944 0.551287329837769
-1.7926610860562207 2.733664632458847 0.6305887856285997
3.656444903808202 -0.08723805719859623 0.5202507671863725
-4.877929498404161 -3.776575830568368 0.19971679561510847
1.3375761976382616 -3.177656923839962 0.5760943758219033
-4.384461763646969 -2.142238606603467 0.3099250650239792
-0.966765807283477 -3.6092629243723042 0.5012086966180375
-4.428253291051469 -0.4077315764255598 0.3673824582242098
2.6317891449191446 -4.351075047789163 0.2871689175612933
4.0042098495398175 -4.108496586314607 0.2291381151576645
1.0030191664255668 -0.653667400409268 2.3301003550108117
-2.771343667352617 -4.075559417769782 0.3042920744332497
-1.5163345597141498 -0.28880464272364126 1.8253677022930832
-0.8868747208564196 1.7300275002976795 1.384192745303853
1.134894261596818 -4.415186385743314 0.3511566427324481
-2.000604840505673 -1.3476771949148745 1.0231940767425514
2.452017891184921 4.631528801891731 0.2715228456891576
0.06917271180136542 -3.270321956224991 0.6299316481879225
3.044889602107558 2.0892408795989397 0.5116306389590934
-2.6162590055492463 3.4662581499960012 0.3835135805852731
0.3540783809404999 -3.162028305284937 0.6598594192470484
-3.0174138044829735 -2.869685458202561 0.4136530170760709
-3.369699308345936 4.8660125730771036 0.21602382778889762
-3.1836769366524296 -4.3887723006550585 0.25480043101138034
-1.8129727724529165 -1.6326937813170117 1.0059654686320196
0.33638381778188275 -4.199118121704588 0.40515053547820734
1.4172710599663052 -0.12881926125878174 1.9874533760244562
3.970115497249063 4.634925951952324 0.20385097090304155
3.8464169092990215 0.9933091346862986 0.44990362306662257
-0.4445728231866797 1.30198545649308 2.055070165260527
2.43377970945867 3.85829926551067 0.3507271049108854
-0.4640553774541436 2.392088140043807 1.007882515218762
4.60354316131291 2.687409205840611 0.26303003205108194
-3.3795723896193373 -2.470345424124596 0.4097496644167054
4.564719828674875 -3.5070025520398893 0.2276884267379003
1.1598318084074482 -2.8547251840646015 0.6959750034116136
-0.9126482977438721 -1.7974050910606798 1.319349987710361
1.3122654430434233 -4.4870225059622495 0.3353536776845009
-2.672647170739919 1.9185264216764244 0.623840702691483
-4.976071359777574 2.6799678875952857 0.2356856743461644
2.4601934665068264 4.528448636280119 0.28011794000521356
4.590121979817196 -0.1510799945679855 0.3464396512223861
-2.463402977292456 1.2586518566334837 0.8287957864991158
0.35758007355903754 4.470894097195314 0.36171667508189814
-1.697013195189987 1.71142091517014 1.0244831844912932
-3.9144842747667363 3.7434335997676644 0.25529349259253004
-0.414472639044952 0.6992522333757805 3.006680934035546
-4.022344314417267 -3.977025586656311 0.23532189739258955
-2.5622105680195983 0.2184432246313719 0.9288672920085743
1.4348532787840416 4.455818208645809 0.33454438623991
1.4973577059635437 -4.153179891815812 0.37224913738660736
3.3957158209295137 1.8238736373069901 0.4745690043701943
1.1326160089244608 -2.7801725736606544 0.7264684235028964
-2.235381407622341 -3.814167363636234 0.37131925066514054
-1.3154155330642627 4.562657455422249 0.3258899912657777
0.26166773964273027 0.28926369179618217 3.717224264806906
1.9564135821386772 -3.8071929194014253 0.3936567716554013
-0.6375883395347248 -1.5963123464999809 1.6146181070432446
-3.908829853283009 1.5467474132715484 0.40668222859086844
-1.2935380644790428 0.3521695031482892 2.1067799933604
0.855320701782504 4.956513921951851 0.29305528113902535
-0.8412663290267544 -4.205183915871743 0.3923241620248277
2.5321459842088334 -0.8604226554514263 0.8741172369307622
-1.8506452616432068 2.828745635324772 0.5958281711044273
-4.548443298671624 -1.2821622388426568 0.32878140346279455
-3.2716311572107113 0.6341278675266881 0.6104219515388429
-1.3338756182200848 1.1817911942310548 1.5456384754152943
-4.673455599342253 4.518780084645469 0.18074782322790414
-4.815007004300542 -4.183295474698988 0.18742274604215942
2.7033558839462026 -2.2027988454569503 0.5649535664184001
3.957747680274725 -2.134021368987674 0.3600714289246052
-4.488314148926571 -1.605418228342752 0.32359407411611546
-2.673565163414996 -0.4435746073873261 0.8560994142517598
0.03577778990917757 2.988705143193723 0.7316868956559934
4.669642730224108 1.9914063796180068 0.2880675652444189
3.5893379932705063 -0.8444677887789886 0.5129364799915831
4.1561797282695565 -1.5267908347239514 0.37028602424246587
-2.3291939188138677 4.800590160726395 0.262546349991391
0.6090247650143157 -1.854461575172425 1.376950797621967
-0.05433095210622607 2.3361157371209895 1.072330201562488
4.3243326539005125 3.1673412567225103 0.26031579820869205
-2.3047526261219584 -3.3066648268211605 0.4384542593453259
-4.569474874005736 1.6631462179000245 0.3119375866900681
-4.106162628553644 3.5005993005384894 0.2571126436932613
-0.08920794483181638 3.4965340505838753 0.5620460783315357
-3.990037010962425 3.709526119235049 0.25251744602064885
1.4699522560853104 2.4013352569471387 0.8058690921012304
-2.65571779310266 -0.998200985303809 0.7960799270101695
3.9673687420435186 3.4172849746710074 0.2719437225145603
4.293001855811211 2.683105441910926 0.2895516753252482
-1.0166430565946594 -3.3040017214285533 0.5734770938824124
-2.1186261118731196 0.6550722554213673 1.1564543595609307
1.8079300321015266 -3.423861372756761 0.4708253733943307
-3.488725611261272 -1.7168398483861438 0.4673239648730831
-4.017253057497151 4.077701975027823 0.23011003946144276
-2.614754001356303 -4.735756438288062 0.25588268265876773
1.1744836133483174 -3.38844081931436 0.5383238486370375
4.588237110096676 -1.5481796687224603 0.3143569153228956
2.2242486395544088 3.2823285110634863 0.4514427484260748
2.4021022187438295 -0.40173340801685953 1.008638382511378
4.411911019762748 3.213705059870888 0.25162883229121874
3.2401098624990485 4.298677306629864 0.2582566381773886
-4.2950315302220785 0.6132667342273734 0.3841833273740513
4.3548285823212325 0.17359267361495956 0.38104916022210167
1.3628027891664036 -3.0296832316777533 0.613675202974921
-0.44695362030792296 -4.230874104459202 0.39800869827398466
2.4782741221735316 -2.125751380924914 0.6318785130826781
2.7040846637519014 -1.1822409911205298 0.7469816597814973
2.9559106777472817 0.6758834109944489 0.7146541235861255
0.2782272100923944 -1.942467886137902 1.3673830236278433
-2.234566888420634 -2.435675153559873 0.6189170783010737
2.762553878898647 -3.0758955338058036 0.41900529960065186
0.4700103543594807 -0.427623235026541 3.3281035454041965
-3.539671344527523 3.615629063719533 0.2898335790599528
0.20184276975233217 -3.6249553367179246 0.5269730601973815
2.2679852389923028 4.539144465619417 0.28831333233706524
-0.25646920320297895 -2.533710275083979 0.9427887269065555
4.410211742441758 0.030486627352487083 0.3729447762599825
0.5172443560203046 -1.0062383957871734 2.438981683532446
-3.353375750015688 3.287357824572016 0.3326147415308645
-1.1453055267601697 4.366627178684917 0.35747547423130904
-4.730964957065656 3.8713345296680703 0.20320422343197347
1.1385863723714609 -4.598617257654496 0.3272832353143112
4.680058783424169 -3.9993475984191917 0.20051265356224168
3.8371068239768906 -3.7029546351267895 0.2628530042014479
4.563554137103017 -2.152491477656068 0.2913408482608471
-2.644147096930208 2.5498716179117213 0.5163502587608652
2.537152240013498 -2.450489403758823 0.553938370683329
-1.0342449438637913 -4.79021961702432 0.30750465199402977
-3.2591894782491524 -2.0576716147334184 0.4745991979295574
-3.7783418103025457 -2.209826607648655 0.3780861195975389
-0.18787955961838954 -0.33614718173091784 3.723885687145252
4.634377617674042 3.491487998563832 0.2242910306829213
-4.365943187343817 3.3214029642194873 0.24927416375607617
-3.6803808432500293 0.3929866211649289 0.5095657713466248
-0.9302181085285639 1.3670770322923183 1.6898295326586459
3.3475700920208595 -4.856946547903979 0.21741401885356937
-0.7623993499164889 3.829449654933878 0.4638773643474834
4.578635063352152 -3.6432384104770863 0.22076830862395658
-1.8764672333251253 1.112747467910122 1.183548170600501
1.3574779100628644 4.555745409384679 0.32523547795761815
-1.9700498634696673 -1.7126349069572377 0.9076248073630416
4.3494907015484525 3.921331712951389 0.22041657110532462
1.9161379520798585 1.7634164094874443 0.9110349246244479
0.11723987389749979 -0.14487149921787434 3.931719905554205
2.2320747511155723 -2.8294258234027314 0.533767172718657
-2.702715503813833 -2.4030075902000947 0.5305350589479143
2.120133280905292 0.2931159570573536 1.2156425061022629
-0.2088643314065859 -1.8778375139492387 1.436292001363431
-1.030861464048587 -4.379556397687251 0.3596606486917405
1.437017495948199 1.3399949678336123 1.3650465969642678
-4.192932402597148 1.3009703769411125 0.37605991215108986
-3.597254057525107 -0.7070531956564077 0.5181293130624149
-0.6896929816428754 -3.3279941020104555 0.5903527003433533
-2.748355864746123 0.003697398026939247 0.8373917498288389
4.7356631783584895 -2.4884854898025024 0.2612751172625014
-2.5791186369246555 -1.4226308754746562 0.7493631665093101
-4.858810924667488 -1.4903574320239708 0.2874677478400331
-0.37359815658785234 0.6892468923837836 3.0596983154764965
-1.1656685956944681 -1.2431411889138841 1.6312604007674338
0.8180992839671442 -4.212366390679362 0.39190103113990216
-2.5108176670123017 -2.6353723331290424 0.5246110557973201
-0.45664948641651115 3.864670811833525 0.4666298625545756
2.23429078663798 0.5746890685435151 1.0925494777557228
-3.8158787123951687 -0.7914954871831021 0.4654573766827043
1.0088688207122605 -4.462012731328805 0.3489278811749049
-4.390111911743063 -0.8513478875558551 0.3636714773858235
-1.5902223408517404 -3.759540403896655 0.42865675097063405
-1.1852788346275411 0.806812552171289 1.9724680881698426
-4.633278166640147 1.2212565002269349 0.3205290780043521
-0.0018259983882442654 -1.1298422028881805 2.4415949597051028
2.568581233150587 3.442203237218104 0.3912674451425406
-4.225244172966633 3.9953004490522233 0.22336938534210124
-3.05088840153667 -2.581778086186209 0.44509977659263705
3.0210209608032965 -1.8870877609069323 0.5446746259945838
-1.2691373339663246 3.726035850602692 0.45729826715130245
3.299223634098624 -3.032636397293682 0.36228996065542685
-0.7540899707870583 -2.925318578907088 0.7190274129678359
0.6863498159101429 -2.661297315762272 0.8373824724936317
0.9531065625587152 -3.930360168783639 0.4358213990442177
-1.0200501815695495 -3.885091446199832 0.44114959813266336
3.3450106029397944 2.835824913464931 0.37680751846040994
0.3073126699459836 -0.28800436218605086 3.6741276737632336
4.614053754642878 -1.2071077563879449 0.3232767174685746
2.161181085175251 1.9889300399487366 0.7528316076416188
4.865457316725623 4.471882659617201 0.17516812529602754
-1.6607726292102063 3.72255412915168 0.429747671652441
-1.054250328232873 -1.0312328712869556 1.9162204516551649
3.0392224154246055 -4.045934680022744 0.2897872420330062
2.1287525118901707 -0.43749452687224544 1.1899469619328547
0.6349030020140702 -3.9892729856448317 0.4367431874121784
-4.739464043361631 1.644085687870552 0.29449077155031234
-1.2158888545657245 0.4830498257279716 2.155333343340603
2.5758956009904175 -2.6431403366052764 0.5121170417297609
-1.6668164892404547 -1.2961305699613979 1.2387291780805467
0.9911993887932082 0.252387989342731 2.626243590532141
-0.8837197198463151 1.724905844814514 1.389791115048345
3.3321468519890107 -3.5257870017005444 0.31330312533648313
-0.2578683146867311 -1.9973101189308515 1.32105985525188
-2.1818368888813042 4.669812907073711 0.2800378701130518
4.4047544205573725 2.1288340813078452 0.30847778644588086
4.978421482753406 -3.133405809321075 0.21856184302850867
4.452530720528964 3.292964883082977 0.24488310973323557
1.1051384501772397 -3.0106710918596846 0.6511756633658103
-2.2301845483012817 0.28741877828954454 1.1337333952431057
2.8038579196863758 -1.9038951836360263 0.5931885887622584
-3.0469516194323756 -3.3783357355933585 0.35246845645116787
-0.6447948738975464 -2.366530558240746 0.9979756920731871
0.23117917361987494 3.3145365583266297 0.6135159210777809
-4.772234161880754 1.143481252604511 0.30672766957031844
1.357485715656165 -3.4066228825627043 0.5178715218441977
0.35906073584233056 -0.610155265765771 3.1984467570246653
-0.8117293169773729 -2.821156389492525 0.753449774000721
1.996337321237057 1.5586524192352682 0.950710411112155
-0.13022603752867923 -0.19833179953596236 3.890493645948117
3.767060198725904 -2.652868644074624 0.3444051764713263
1.4872323041489546 3.7430468011663596 0.43902349736639057
4.005782083069063 3.942184228098 0.23818663806845836
4.552548837005514 -3.0921236147954567 0.24777828545357686
1.4188346391968052 -2.456476434002739 0.7962284090135555
1.0165804839130264 1.9628986618975315 1.1617088500346024
-0.8211106618375741 4.064302151121787 0.41682352485762764
4.544390460008469 -0.717625528766205 0.34532665686768016
3.5363347876735514 -2.9969704585038826 0.3406067686365448
-2.001885729076979 -3.709097474073136 0.4047568943825791
-2.0141758226204587 0.8124572962252019 1.1910094680461167
-4.739473585609756 1.394456709328633 0.3029486057909519
1.3203195718194092 3.93301440314694 0.41640974907162964
-1.0778235910940746 1.157926931476184 1.7767912747714614
-4.480220584127102 4.64927935441705 0.18311591180896541
0.7064437955229703 2.8027752765231897 0.7726025787198418
0.26315354956715353 4.40054722169495 0.37323763647951774
3.5655554775656775 3.5750611568737156 0.2909699497712866
2.5155632805399666 0.44925678935993574 0.9378784176912933
-4.75913477730455 4.035835395194484 0.19542065328166458
-1.7445717876922364 2.725924840071821 0.6413238485918912
-4.685752132954698 3.0637712762740392 0.23993065415201037
3.05563297163191 -0.07528932472958605 0.7053080658219091
-2.056534437539208 -4.317785690825925 0.32163898006472025
3.775580894678278 -3.4213538265601007 0.286116145049094
3.918593250690604 -4.155781958313412 0.23104094770161712
-3.910837720046758 -0.5823625614633476 0.45367424982130483
4.241919130097967 4.284303133147308 0.20860968008142278
-0.3867203076705614 0.21461878852254124 3.643628002515076
4.184364677371963 -4.778084264797357 0.18895109869970356
2.364328517607781 3.3989665413758416 0.4179068293742889
3.5574135630260457 -4.481562861653366 0.23028476736519582
0.23468588489931896 1.3107447608706835 2.120255994257475
-2.6349471967377203 -3.96558689111136 0.32429593369810344
-3.9550137650268247 -4.343917095895237 0.21910754986531536
-1.5827733722405304 1.953651489412895 0.9613159619597044
-3.6363984389532145 -2.3988752024015367 0.38135196801803994
-4.626284952634992 0.5169200235022684 0.3379845817558931
4.884265274954801 -2.9067526773971917 0.2332004005292858
-3.6959115210559568 4.874047203040959 0.20296275846198955
-4.900704964713363 0.22819054742848088 0.30687813548282705
1.4051251586501134 3.5812161035915686 0.47620506019451375
-2.067263636730561 3.0934252298811895 0.5049593765679267
-0.7504486096944358 2.0321889441579017 1.1952848962211804
-2.78659395717375 4.9418288664669685 0.23400859536798455
1.9069361543174965 -3.6877481845397355 0.41588921010907687
-1.6751813249149485 -2.725750216823771 0.6538112812825053
0.9677152914525289 -0.6171332999560777 2.4115806064526946
-3.717796009976232 -3.9034691554665923 0.2575736420907201
-4.83921639599584 2.974793876869361 0.23345794388442823
-0.6836260910578753 -0.5556856811187583 2.8817081754954317
-2.885163375704336 -1.816983158928335 0.5871303017512072
4.0822865967596815 4.909339405706598 0.18706152810617524
0.8403839200539007 -2.2650348946609355 1.0208472047627317
-2.059253244440363 1.6471754191744914 0.8934842984058412
-1.331772373835085 -4.800283108401937 0.2983256223495688
1.0563341029614017 -3.834570762726438 0.4489394589721523
-2.956440134205911 3.1970473658364664 0.3816493430480925
-3.4326996455131296 4.6774419037245885 0.2243291111453672
-1.2910060213489771 2.8801661048833394 0.6687815020853478
-0.23565079679297085 -3.055165283156213 0.7023972516340856
1.7948921059090681 -0.001647831216795126 1.5320855912649607
-2.4466094309059274 1.7269158659323107 0.7293855506372383
-3.4043997781881363 -1.8903280729909056 0.4661114249766492
-3.196777728777435 -1.178068665629819 0.5879225872518417
-4.818991729126117 1.4348782009536007 0.2932383982752188
4.902114745484946 1.755578713186213 0.2747933540606805
1.024942404040738 1.804038352561248 1.2688219206429594
-0.44505864142566587 -1.6657255013217478 1.608777929953718
2.3250396339378954 -0.0506738981881103 1.07985863100831
2.443699445816014 1.4892428271731761 0.7851210778279899
4.449030318516106 -0.4578164259407913 0.3635790725824155
0.7600716082190484 -1.6744410872530624 1.4865849263493514
1.677371944690952 2.4069287205850287 0.7542272665753728
-0.9993633650235072 0.6874866221516882 2.304568957965321
-2.0904038601832298 2.8372657242816155 0.5547902113303872
-3.3834221236382636 -0.7856766501591936 0.5687945219712544
-3.760002480940315 3.907441645488383 0.25473067606646516
4.920557785416831 -3.0944288889406457 0.22354249481985983
3.808212048590576 0.70244439234179 0.47070155997954677
-3.3348209318051305 -1.960423188998961 0.4715788358169201
-3.1080835848039845 4.736320398479116 0.23465286322203022
-2.334194072002668 -4.957595731008357 0.24979534425218744
-4.605123826087616 1.2893142411595457 0.32167920836608116
-0.5203048765846061 1.2007906020221597 2.154815270285368
1.4195228948448513 4.557435826223793 0.32277240113243305
-0.9229628671001251 2.0541066342469083 1.1313473772594955
3.7886571628888728 -0.792962888055941 0.47106724862304616
-1.2055047773078464 -4.382824336054153 0.35300776626468466
2.1786989282929756 3.294310737279062 0.4545658001384989
-0.833576363888568 -1.9789999692114133 1.2100512118762252
-1.3392097584886518 -2.8031323120832505 0.686634363817713
2.3184793415081497 -3.0107714621986337 0.48661530377859386
-3.7819725435183917 2.84680156094786 0.3277668223098625
-0.17084073482892492 -3.1909307493766823 0.6551348946810915
-4.241978696986672 -3.2267693180277757 0.2631023014156798
0.8548689440856103 -1.5923865037479255 1.519036655985648
-4.748662707030774 3.0506523536087613 0.23629296074145892
3.5871306209025704 -2.3729485096751466 0.39027453954273383
2.3025028359592916 2.602108214600573 0.568485179715898
1.305784876423992 1.756392392212506 1.1782052565564103
0.6800798378724835 1.8352662148663503 1.3720454433788898
-0.21324579147746903 -3.117603261891615 0.6799874007705492
-1.8471228203329337 -0.7236940018620741 1.3478006884326545
-0.6126656602259937 4.100263201306296 0.41693772980213545
-0.6032493840944326 -2.817847357682025 0.7763844388596893
-2.0601701580614487 -1.3369908348620205 0.9960350865334949
0.11449691006227614 -2.8594034874972207 0.7851375158859708
4.906774284980845 0.2153525108100034 0.30624576069845366
1.1191335069865973 -0.29437276825665926 2.395844312337381
1.5899786650563055 2.6316605267194433 0.6984661248875965
-2.393594519199842 3.9715705066219904 0.34038690145740075
2.512621924501728 -1.4280241394779267 0.7727585697430243
1.797997415463552 -3.882750057007015 0.3939228980515395
-2.086413227772007 1.5880717060918919 0.9013991167075746
1.837473294358098 4.796030604919993 0.28190635834854727
4.997626352171325 2.8942704325360147 0.22628868973860256
-3.9057843734954933 1.6686271167679934 0.399212194116096
-2.3225169634114193 -4.677090444485447 0.2733242993000462
1.8733849529880384 2.3718959727986935 0.7184255331524525
2.2415947651321675 -0.20654718603313071 1.1319565899126365
-1.3940354525743515 3.7473529243573367 0.44479066992882565
-4.758446282213614 -2.721881769549732 0.24959868129295681
2.71525047987205 -4.522221078676429 0.2682487202479719
4.15587612991947 0.4627875180829282 0.41056214864307694
-2.1408982046915224 1.8954872936995573 0.786139016706872
-0.7324364062481479 -0.14086935316346505 3.1295142462354457
3.13209617828122 0.4292731255658788 0.6669833789253751
0.4357491017231414 0.6757232644133424 3.0228841286988675
1.2491631914261525 0.2822518667682896 2.1977570380562197
-2.6012100713893007 -2.983555253297885 0.4527986862364051
-0.18987670923686828 -2.481140224791085 0.9765493895637404
2.7798863215960425 3.4213560837020136 0.37324843701243104
2.0419320279436075 2.648981965098111 0.6066768491853619
4.731813516494732 -4.343982704407715 0.1849272934109156
-0.40744253735544866 -4.790484955519203 0.3185378408460922
1.0098187954975524 -4.5934235219307995 0.33168494688396877
4.7057503693621285 1.1126505347758542 0.3151830231705043
-3.9160040621500736 -3.7624530065007677 0.2540397041197381
4.198180659324253 3.497101305532734 0.25114239661626786
4.071478307177198 4.122635732122708 0.2248892779634786
-1.9100240852003325 -3.521241284584905 0.44327881349106785
-3.1577281780405455 1.6613078524315226 0.5430653899856968
1.4512083345806897 -2.6187052733788097 0.7296858022553881
1.0900667531460462 -2.762279607328464 0.7394785497699575
-0.9610925120502838 4.980065114607648 0.2885508710111724
-0.6298169254864767 3.3435286944933633 0.5892815509227949
3.4205840458813217 3.7273918354439584 0.28991972550929046
3.078358350103233 -0.6443086153574962 0.6727537581734345
-1.2393521247611283 3.390041836546523 0.5323262663412975
-2.7040587696285723 2.4093581367367642 0.5292076145180612
2.1301122675411257 0.6602105214090725 1.147240222490154
-2.4308853078648793 4.214377586098019 0.3116456305863972
-4.387017749306819 2.0675850829627374 0.3134693942074258
-0.9355724545929922 -4.402139682784181 0.3594838415234739
1.5120086499273269 2.2164920977581515 0.8696590482259041
1.9492994960944117 -4.03421112595195 0.362407014235351
1.8178851842126793 2.2678460639348605 0.7657090734780582
4.279981219544881 2.1754292179397696 0.3193519515786942
4.41188689594895 2.2552154275526712 0.30130983974041936
0.7139874520187393 -1.672133991160777 1.5077810456188308
0.7793412084500249 -1.7402316598648158 1.41950209050659
1.0574679262141178 -0.05589396533111923 2.5629832712476897
-2.1764895929665617 -4.896967697039002 0.2604387126160312
-4.472756484295449 1.028979449833133 0.34685565607218033
-0.9500069021720066 -3.5843396154624907 0.5079363920577297
-4.911401241100169 0.3748441419051618 0.3046183537189627
4.3762768459683485 4.434319030509297 0.19600644561826977
0.6203026239701037 -3.796891278339507 0.4761576347811484
-3.266413173652929 -0.3280424237410573 0.6261217924405558
2.5864716315246863 -1.8375602398804536 0.6629946082723611
0.6475470607908331 2.9055274690538644 0.7365528194375478
-4.758655360793044 4.458067729458923 0.17969787463310133
0.8551088280714652 -0.2028954620794874 2.8856097306522437
3.474041786857649 -2.2000096231463004 0.42307876292754626
-3.9250480803775245 4.868122530438274 0.19462532717424236
1.5875914907628577 -4.100146189967967 0.37502967092975015
0.5585359654753024 2.0167004508927313 1.254106585071127
-4.058068138762657 -4.249480095615633 0.21902207785499334
-1.4851344338763486 1.6173710971894897 1.1727602588758046
-0.21271309717734965 -0.8066147728100459 2.967497460177459
0.9598801894581737 -4.73028637449998 0.31624329325986833
0.7432954198592157 -1.7635043125207783 1.4128196147082224
4.973947254753769 1.6161954527133213 0.2725516097975454
-4.360822540765875 -4.062372304248098 0.21322165084402883
3.370089059569958 0.4669242343409419 0.5892960916431114
-4.36403270534984 -2.7891618657698536 0.2775445115724425
4.7809186714783465 -0.5131673729169917 0.318464693230678
-0.8074502829159762 1.9147038880172342 1.2662100731585348
0.6899650449141967 0.6915811404654377 2.707884058581549
-0.3495740611326852 -2.72191108503986 0.8393661041682521
3.319625890709446 -2.1489740155306016 0.4535660257781425
-1.9626003338131826 -1.8329679647784203 0.8684728644765594
0.17392530468218315 -3.0318674376330756 0.7128555369815979
-3.4089322305851555 3.208756309604425 0.3344910066075727
-2.324856898225336 2.4007274386079764 0.6075125688454189
-3.43682959906788 2.386240985655455 0.4101313993738501
4.828613644702097 -0.991905780900372 0.304189601773167
-4.762699129685001 -0.22100120007812496 0.32346568208780363
4.882390355359746 4.779629409547873 0.164329784582067
1.5513774102480369 -3.311991794368856 0.5202892816342144
-3.2388424049460074 -1.9948731754873439 0.48574286669264505
-4.193638261887336 1.9572717087588076 0.3416246429380768
2.2279848217915195 0.4638325742988494 1.114352480310821
-4.896422428893085 -3.102810995766144 0.2247040240035945
0.8748539103600725 3.0820707360278856 0.6522875642421765
-4.720317796406828 -0.5012255330695536 0.326096343301447
1.2218706948414804 3.0659959425028553 0.620477344785416
3.435344861672691 0.09518358364746682 0.5792629273679635
1.6787432299986964 -0.09611349005476555 1.657201067255158
-1.6619991111834587 -4.921415046933676 0.2760279988209195
-2.377246321096539 -3.338282949598703 0.42563530979860514
-3.788115760244396 -1.9881792621601049 0.3940366922116596
1.213867429762887 3.060963217546526 0.6229088775630538
-3.205950736009242 0.8309593179661476 0.616873962196059
3.00629118216116 0.1357423271562581 0.7235750841897584
-1.0899752016626731 2.8726527568140465 0.6992897086260302
0.24063152209661798 -0.3419293504025154 3.678466680298032
-2.0343577545977674 2.5121595916805255 0.6425931312322588
-2.7842428856149146 -4.847329351988324 0.2406115602896546
-2.416151045942555 -1.7914119831210984 0.7241822616903688
0.6846195156956627 3.806746992281436 0.47169737494232883
1.6704643118466498 3.1594722380677336 0.5415388806295214
-2.6833102430555167 -4.236134459343953 0.29471369447441836
3.8913589077504405 3.2708050437707854 0.28734765410355845
-1.880602941345363 2.8643024249910454 0.58220367242736
-3.9478257053859203 -2.2834310045030923 0.350886658420437
1.5308335672579512 3.6566606284298118 0.45160442276826807
-3.687625607039889 2.8772287961252445 0.3350500717846479
-0.06599861990137512 4.586510016261274 0.347215742864601
1.0309500094020816 2.671640137884962 0.7842738237721799
3.4116470888955455 -0.7955623162972643 0.5605280914071281
4.25252752471321 2.9267505084871477 0.27923348702865036
2.890985012388672 -3.570725550751097 0.34620231829697956
-3.957614368033476 -1.818230715955822 0.3815214943397596
-3.0176010253586094 -3.807253072933674 0.31248667159378285
1.4788764686230191 4.781043151094671 0.29579837754996163
-2.558225467430516 -4.578839025409787 0.2710919319394172
-4.518635552589422 -1.8044305366781455 0.3115988364609333
3.087667173552779 -1.8912286884886207 0.5294354696294337
-2.5730812853861296 -2.07662530299097 0.6185669065769228
4.821539830424321 -3.3802836451010942 0.2181407847636542
3.675453801950715 3.4816576079357144 0.2895309200534298
4.2690872285438655 3.0948157990314886 0.2684294374599466
-4.989934499463385 1.2368188050142814 0.28140113924563054
-2.4433510551299618 3.06634800732604 0.460499119966992
1.362637859290552 -2.5115142660612677 0.7870540746105682
1.1442937926251577 -0.8699338069011411 1.9674422190963392
-0.7052852798746576 3.4696737367118704 0.5503553409930524
1.1160692131929695 -1.5947337353036763 1.3819822943777755
-0.9084275205809087 2.1486925345180143 1.074962486409909
3.735338403761178 2.1891108679288243 0.38563584784227545
-2.8548957940384287 4.575744144973044 0.2573351413833681
1.966208547297307 -3.49268370669521 0.4428498031587259
3.446557365573682 -3.8212116342443014 0.28089477317221356
-4.687224191928996 -4.920208779522463 0.16604908494232684
-0.9276868914714296 3.2640259886727243 0.5919581615058368
-2.994758664001563 0.6677484925776014 0.7008649327293853
4.264291883967919 2.665504835944268 0.2931573272213036
0.23675633547726616 -2.6798384682099528 0.8660269533760416
-2.2812923470394972 3.2774771556576905 0.44577803206059874
-3.1199250932638813 2.9482033956231852 0.39166083870097734
-0.3090363216731511 -4.097917741059817 0.42353962817471436
2.82501620251581 3.120713104017934 0.4056884247096158
-1.8214433457294623 2.7739155231942325 0.6148046563655045
0.920076160666774 2.9623495595491143 0.6883464208835801
-2.484573801056488 -3.7216442755707613 0.36324433900612974
2.786043470596012 0.6845753024723908 0.7819615877323836
2.1854404684184576 -1.2851363160361151 0.9492478252539721
-1.721749914402373 -4.11846480140902 0.3648607186535305
-2.969869504717766 -0.0065579860339095575 0.739360062345792
3.8573412881549256 3.3925158178750756 0.2818067792040269
1.7776821116617647 2.6890397092719054 0.6456252945487478
2.4025306478308606 -1.2884006594221264 0.8481647509695353
4.77430532484369 2.5781743341469507 0.25444504171362986
-3.250359087780267 -3.8519325397428403 0.2919471648927914
-0.6685292261014206 -3.23096268779274 0.6208263389508436
4.201480242308156 1.3615099563629576 0.3719866940985096
-4.973222305128263 1.5521834962169727 0.2745158649155331
-3.9200769349871836 3.4122738484728625 0.2757611214418145
-1.2002756115089 -4.077157604593163 0.398726553587043
4.429901545010269 -3.9907639885610324 0.2130479915629494
-3.827766005103983 -4.348001804387679 0.2249914148007302
-0.005699556639716441 -0.32023725738907327 3.8048413435376376
-3.5191864480919035 -3.68931083676154 0.28575829548531434
-3.0862376028786356 -3.3343047151368377 0.3533186484785106
0.5449421379675368 -2.925155430966113 0.7370896742556168
3.443446247078617 -2.470463535087728 0.40079131968189036
-2.839056747803296 0.8498954160329761 0.7419384605545488
-4.174689969962989 1.6772959518206756 0.35969026621970795
-4.375108011205947 -2.801563944912381 0.2759540792193779
3.152401488156185 -1.3286169688809748 0.5838198051529438
-0.06919882417737178 -2.5431368694665024 0.9442498801840236
-1.6361402006028438 -1.864839730936593 0.9810435435533831
-4.410994567417293 -2.7719594704951946 0.2745307615743784
3.9807546386186505 4.20631169407746 0.22510186559657375
-3.626822255394794 -4.2047817811506825 0.24364965622525203
4.5617916359862 0.31786498320416356 0.34917753948940655
-4.861661351818551 -1.6915168590012941 0.28073149829155813
-2.9245867210615675 -0.49005962491304533 0.741196032415175
-0.14008093974678726 -0.8512553234190481 2.9151774866145113
3.6053017254488893 -0.5112629055446387 0.524260471474426
-3.9810256022406088 2.0715025538286858 0.36134204407024645
3.1383414974380024 -4.084862802600476 0.28035459207555335
2.198638575438797 1.4907191057503208 0.8833673485050286
-0.683880378010735 3.9850227784456056 0.4360124739111101
-1.6766060974776673 -2.2361361221531952 0.815385279557363
-4.685642209289212 -4.6295313908681734 0.17625880364353783
-4.734653010084297 1.4271024434271729 0.30241675773645504
4.011813339951484 -1.2679863901468225 0.4060411665524257
-2.5514865689173893 -4.964111550203485 0.24130919508785692
0.7258919096944023 -4.783810483070473 0.31481485078356974
4.213994321725895 3.9169873035288383 0.22791673657643766
