2.25786182793097 -3.643348976470049 -4.066898182383435
-4.96862168711049 0.8852412094903102 3.6745981429334846
-2.8941841778096844 2.740415014685369 1.3526889851407904
-3.1976072966403257 -3.52810017785942 -0.3111323023064562
4.692420607057988 3.906296189894766 4.328662686778662
-0.1480144041562239 4.6876999774721195 0.021843776709647145
1.0363236031874479 -4.116585193035494 -2.8974682572805173
-0.8828032130161612 -0.48668246913124413 -4.0969432227645495
0.6460095801171972 2.158199655381809 -2.001791959761392
4.996855555805688 2.0029239213485663 2.4118360177455296
4.185774713222761 -4.008107052467381 3.3585671907562835
-0.502650624196197 -1.5689407506333986 -0.005363539742046514
-1.4432883125033236 -3.101409028875146 5.946486967175183
0.6802876288148143 4.743313495188536 0.11669360669940976
3.166443478840792 -1.5463876844922373 -0.003638713501560847
3.595483366032431 -0.7401823882018146 -1.9424348464514725
-3.8433906012899954 -2.4861204624560926 -3.0707968668793653
3.4710793331619083 -0.425827578687449 -1.767976693042491
-0.005979761708735154 2.27805446080618 0.023312033733268015
4.614303958277873 -0.6030986541339143 -4.917740956664894
1.2352275194863385 3.0442186137517773 -5.638501586460363
-4.51123352198192 0.1937354736922794 5.769033003407542
0.42476067442582277 4.723167440165469 0.026650480505179937
1.2717637069099696 -2.6262486797961593 -4.989053127492873
-2.8256501252780595 -0.9936321084518802 -1.017241069138176
4.7002606776121425 4.037743235462036 3.7474486149902964
0.26921340484633305 2.811353451500713 -1.5096080391568767
-0.39836101010149605 0.9906639186565949 -1.275755671261348
-4.833767083672079 -2.891941878938572 -5.771217387546307
2.008764276452826 3.5747411051930413 -4.931883702088256
1.7026788816224316 -4.2174162738151395 -2.8252962708916995
2.7388397837753864 2.746268005032774 -2.170330539508197
-0.7801023623678338 0.019765936628824754 -4.219288761946449
1.8346967239953962 -1.5451063805749508 0.1487869811952186
-1.4478771337746488 3.261470911786674 5.9119937695964575
2.7250405585377733 2.8770379192512143 -2.3431981338039654
0.02396485826402639 2.46969164035494 -0.11252433230685746
-4.699482429060328 2.3424029449275814 -4.183378032155858
3.5602129565817453 -2.0635518272754583 1.1537828328826283
-1.5167741135611834 -1.779012953872309 1.2384828585001615
-4.9367020732646925 3.4674363923061318 -5.541878183553931
2.3746461646313843 -3.0242021304210267 -4.134983434375979
-4.413636229692763 -4.068843020856708 -3.4407413439193593
-4.665370271062641 0.2599974365939284 5.79193563303795
-1.9863444850808132 3.095764717341279 5.483607647701245
-1.9752675800003017 0.3375035699076525 -5.2046820685176725
-4.820022806879689 -0.9792793651346905 3.3263638455623217
2.313271614365422 2.545285217236212 -3.6578223688477047
-4.667431121408503 2.8339842981932435 -5.712584594332891
1.4364433759812956 -1.973568215754986 -2.3306254279302805
4.6815732201547995 -2.328741175505149 4.122623842261041
2.2823878770097235 2.2272946946143604 -2.773379977440507
-1.4385453961500607 -2.9231694164475543 5.806292377454844
-3.263410462948513 0.9776972914077255 0.40751865075342775
3.4268324877627503 -1.986401879194506 0.6816513503334676
-2.577261305416955 2.6699619635606044 2.8587631498784227
-3.320768676831526 0.34137638828550365 1.007608127208185
3.6524956725077224 4.1879051816776585 1.4691434941979677
-2.4980152651797747 1.7451603754803635 0.6245982286562533
4.883820889035256 4.002182493721628 3.854598900687955
4.717599396518155 -4.89368318270917 -1.0818016108080426
0.7316907102236652 -4.765991376463338 0.2147768641317285
-1.8676941895801868 1.0933208425339718 -2.6365982301332713
2.6394164834478673 -0.3763600952515711 2.685869498321946
1.4923184992821836 3.1578269741549043 -5.980744963744582
-2.9041973958981417 -1.3718957662863138 -0.278807882497441
1.158020816539615 3.265575623164839 -5.453877621113022
-3.0487772337042793 -1.3630798230802688 -0.11468090984794586
-0.6160202801637116 -4.913774703427056 -0.6934443073363649
-4.766882551801506 1.4594886705052454 0.6654784477218757
-4.885247400169943 -1.2046029145399428 2.116365972449254
1.138209154456967 -2.688751526458415 -4.898258615112347
-1.902928393697504 0.23820110855088927 -5.511938599309629
2.6019242786220254 -0.3091355143661261 2.9369603238984276
-4.370749770278683 0.7023402335625528 4.315302030723046
-0.2362164792393795 4.835048686195446 -0.17180169452937122
2.2371953465689582 0.2546840171034459 4.564181981910077
4.163198472938182 1.0349345413054154 -2.612998506465731
-3.8313269033622688 -4.641245768915843 -0.27139522475951144
-2.6201955080340724 -2.0786567235100852 1.4533595050128456
-1.1151469772051015 -3.8846849061355195 3.9675068781143192
1.099477822872183 -4.242923482257346 -2.4185017273710607
0.9106890132221901 4.0601849224553614 -2.876625552118999
0.005990925062482333 -0.33392839899810056 0.03395978967627403
3.808841333098421 0.3586736753684363 -3.476681625022574
2.446632578335043 4.889065061258739 0.6752862822733305
0.927810789433182 3.7287074028641882 -3.997748519673477
-1.586308432414063 1.6731402927177612 0.6129186274044323
-3.3218008184925987 4.14020145222233 -0.5823028321464441
-3.4445904129593052 -2.8617810373777286 -1.7206673235803893
1.963012805262574 -2.862629617395873 -5.330047018490938
-4.954585422132542 1.0759271432384185 2.7663323805908737
-3.609403601656732 3.831983848570708 -2.0860101657144074
-2.731405756544607 0.4900985521173684 -2.111033053422298
-0.3091691283468023 -3.3709529150555175 1.7777947551456539
3.6573899457765737 -4.49062423487926 0.6509181621919843
0.6617321399565732 0.34210975783071085 3.4732459372426856
-2.705084941427277 -2.2462140215796387 1.5859811659197902
0.0597907250102061 1.172128476987698 0.13917836988152477
3.626678625082187 -3.4962472351340312 2.6235954122566993
-2.9929042578297596 0.6350272001895192 -0.7155710338632602
-1.514944435568748 -2.506701642827455 4.8232852999649385
0.5140569992004078 -2.572596546352288 -2.485443704131946
-4.404418562713184 -4.235580183630837 -2.624119026157482
4.493169564698256 -3.8594338057346245 4.411205216403865
2.1011564425306917 -1.0988353746875879 2.3530704622240757
0.7734690593343698 -4.401138306505486 -1.2837147630379124
2.6621624681286846 -0.7108847165167624 2.097277343287059
2.4937111942150256 -2.7032733190842038 -3.278685201410168
1.385557900430749 -0.9536528368755537 3.412845701565169
3.928719706404287 -0.501648582705573 -3.726334906998553
3.2023463693288203 -2.965378528485898 0.35865672723277137
-1.2353556986550962 0.21857308867538539 -5.530795500800069
2.7708884086188936 4.889551727692211 0.3830752716049827
0.07621370545673933 -0.7398093089350919 0.337420468611906
-3.568409294402489 2.576978160903037 -2.0983445846103503
0.12563177906347 0.04263829605964187 0.751126048750686
0.1714074012694624 -3.280872590866445 -1.01350523197803
-3.125564569553947 -3.0595815313616836 0.09584117549959774
-1.6450339058890973 -3.6683974119147233 5.1722223618776875
4.592905554839879 2.6317523414957043 5.1995971702969
0.5108012349063067 3.180122867927807 -2.9310811257624563
-2.032085208277076 4.860105301512924 -0.7907785243858305
2.1801521152892045 -0.09224870034192723 4.899181619675933
4.79219902327039 2.042158914354814 2.7159314535820682
0.5466594775543667 -3.3440601474378404 -3.0553076329819913
-0.7366893094576543 -3.4424827337879362 3.849934210963039
3.556498978474382 -3.1292198834113707 2.418440104144528
1.9017824999570756 -0.5656437583277931 4.790520935743023
0.8211743055458616 4.0963741950488615 -2.537455229577905
-3.1134878592166917 0.1434577606655978 -0.1668745687063922
-2.33399864691874 -3.2493608206924183 4.31060357179954
2.359459056632157 -0.5379801640281823 3.631434834570659
-0.12414669094567454 -1.1572471797479276 -0.29857055207265454
4.014365279904851 -4.583134416623019 0.5924892942881883
-0.2096733997908622 1.706972133817425 0.16953705952196813
-1.3079158823680617 -0.40915818984461527 -5.315623644847775
-0.7824686826023797 4.356073454838755 1.4755912573517773
2.6647331158895495 -1.7110601411240856 -0.3850138869153273
0.018876012895646888 2.9004682908638015 -0.10997305912728683
3.0337403452646114 -4.250022698048802 -0.2880969584840335
4.296459727973316 -4.839084368798735 -0.6935021978822205
-2.7314441537498837 0.9376178801688528 -1.4156503748556337
-0.7994037988298324 -2.0730027603659664 2.0706421241361124
-4.422498316015102 4.515059993365959 -1.1272239548383107
-0.8337385609571317 1.4899432893257458 -0.3588141973955658
-4.420072085985513 3.494947729301339 -5.390500043018413
0.7970681050720554 0.38559988011027535 3.976723379397679
-2.767383518965344 2.595149854311531 1.8738390437653833
0.32584063436063815 4.136606240481832 -1.0457676791957777
-1.8356206609400072 -2.5475924765146463 4.798910811559318
0.9185145710838052 0.33892928689740387 4.496947547900291
2.589271747065834 0.5735505957092144 2.6442447845600205
2.8024118352460183 0.9220451925560447 1.2061408002699296
2.502251232083072 -4.829522903574413 0.4183814702553931
-1.0947014602470317 -3.8837369443787972 3.9303478034933277
-3.2710856398646024 2.495329875478377 -0.6185444867993432
-0.05917540935108345 2.650167830348641 0.3128533845400039
2.7975666778600665 -3.762753761066154 -1.6456626279966358
-0.503839974471517 1.7630829783920614 0.5535804811291068
-4.759425455198743 -0.875736022097171 3.8383405861080373
2.0544861876039207 0.8610377191989329 3.4613794337248343
1.5287749344727501 -1.8965915850191606 -1.9186786249127963
-3.2509379799394034 1.7039762573110764 -0.08694405311948931
-4.476302524756942 -4.540741919006802 -0.9964045812865993
2.256738002969625 -0.6460506802679502 3.707235502196494
-0.8282450456093446 3.895284739282637 3.223265574921791
3.8082486520739582 2.8295542672128207 3.531003602850757
3.3651726131783803 -3.102291424980086 1.3293040700137215
1.9373132606393 -2.866732776081368 -5.391225613050751
4.918090365606725 2.3780184746650166 4.242840286279994
-4.216971647432446 1.3173351876058597 1.323646279073497
2.4879197583102286 2.2664010279967837 -2.338228484280268
-3.8605605855706013 3.2512038764964615 -3.9279354063326326
-1.8572551688869918 3.1782140360708144 5.751643808836347
4.693296963378327 -3.1218237175659604 5.997734337229083
3.358705644392831 -4.291382120170569 0.5282052043405336
-2.9793688680805275 3.632064163968021 0.8548352430396196
1.7627839755080394 -3.114349487565259 -5.887575936269287
1.5095044185165554 1.714794753274811 -0.8593910000854614
-0.8678268684782822 -1.8008366422062871 1.043759347901033
4.333949580387349 2.8351641110855077 5.315732783945256
-2.371715893278062 4.45838451915526 1.0494238678855838
-2.4928421982132933 2.358579333253612 2.569472061636395
-4.5842658744249265 1.1075898471964774 2.658939735606431
2.545403612359581 0.2854583938291455 3.2326256179521775
-3.480493622501646 -4.347921574898478 -0.7110159310910852
-1.0843244027798415 0.7579567101846152 -3.85193513007344
3.557196354758805 -1.28462578990408 -0.6838116814925709
-3.5881861031808917 -3.7351480202687 -2.1481382177335178
4.673288252572965 -4.370288739217426 2.011259749751907
-1.1870508233651478 -2.0478663266933284 2.5546903905750806
3.1681418725237496 4.408854033512229 0.04760704599682221
2.2270063941388143 2.3939387690277947 -3.485940239921784
-0.3072547644704473 0.10134133830143988 -1.8053483009798437
-3.8203777179955134 1.7590937957396067 -0.7051487240405593
0.6262009359032046 -4.034122828895511 -2.2063591123407873
-1.936598194622483 -2.000835123460173 2.3359344522292314
1.7218553519399773 -4.076583470903531 -3.5223809014223777
3.565431064476625 4.148437192786012 1.318992594132313
4.419892279725397 0.21300861263438442 -5.615317120059094
3.040831764944853 4.54352780292581 -0.10143131089867802
-0.5775859062779372 0.4927201649609634 -2.886333970422828
1.7494330984773292 4.2425382496289785 -2.6732907663802115
-2.3039220277690386 4.546733035780626 0.735206634452071
2.827196417050109 -1.6762579664781119 -0.19531670968557976
4.667766028509202 3.4772951885194576 5.659435393943188
2.941298134913608 -2.8696615351371877 -1.149882374597966
-2.365942675838615 -1.9477903259468512 1.5465325782009918
-0.05562155720604167 -4.352918041216753 0.11733846255847943
0.4874615570727512 -4.035860555919384 -1.7595051151386152
-4.131560664397638 4.665915252947666 -0.23303066166026778
-4.842694769611315 0.007543582299968321 5.948963970996622
-1.498753155522805 -3.6190572514173445 5.3151539014802145
-2.8048522971696324 -1.785030458663778 0.42147218320350494
0.3217109641813476 4.454053792687523 -0.4846652126149802
4.354380111745131 3.022469604799552 5.579753727129501
-2.539491321027214 -1.4781275348771858 -0.31446149228054915
2.6462567147180636 4.968143410464613 0.7214765097719338
4.717917985956586 -3.468189069118832 5.682751755688902
-4.535080995345087 0.7005662826961956 4.514951041388517
1.681984030389322 3.6395917230110744 -5.2386907669919855
2.4431653411285783 -0.42822994849968055 3.5097077156111047
4.340726637162774 -3.015402178536913 5.545898142658271
4.350893402147166 1.4637416833776644 -0.5996665532854242
2.290871839057017 -4.033938791038937 -2.8307543200360903
2.4164883113331648 -4.124236125219492 -2.207805534405365
3.923572841738526 1.604546922300024 0.14267429834185896
1.9825830872536994 -0.5677143934694007 4.635913996254657
-4.83447697632751 -3.374933628094091 -5.793945193382217
-0.7387504013915622 0.048992043530668106 -4.035339876382443
-2.917223765106469 -0.198462151219017 -1.3087429380935225
0.923375667660741 3.1315547781581365 -4.785611677339787
4.5358603374366595 2.2708676429313606 3.805558503721788
4.02606290767879 -3.803114510720106 3.662395183983269
-0.4580206264961131 -3.764155698001568 2.1552954325531264
1.5337586820820723 0.7821914318436249 4.25330487693716
1.0769433008809717 -4.349059455975855 -1.8775444161990889
-0.2903843340786558 -4.8307709395172385 -0.20289639901090883
4.418045079915558 -2.5213515581050294 4.672449907151863
-4.74994340984798 4.151355771549456 -3.1901169444741497
-4.269195734189265 3.1000652163396882 -5.415648462358102
4.836395269776759 0.39564533803897906 -5.4939739278274775
-3.951317496689529 -3.047607749200557 -4.325410470267509
0.8256637663941042 0.16762746347263757 4.348175031645554
3.067613404287421 -1.7924667691977203 -0.09750125076953567
-4.0617232301370905 -1.2620184490220843 1.4508181610829363
0.6490421218526183 1.4964401475198272 0.2694073550903731
-0.638813760337098 3.9335269149656167 2.5130591800565525
0.8516088147017467 -3.0881754222951177 -4.507608676575588
1.9686108295520963 4.842959766350056 0.7201964914327069
-3.999886994968241 -3.0975769992358035 -4.535974255000156
-2.3075581320108087 -0.5295446750635495 -3.8352413143220705
-2.0126390047802767 -4.385919336667233 1.7394161845875644
4.747341240519319 -4.448239595382747 1.5655727218560407
-0.20058276698233968 1.3735475269489186 -0.2342735604155583
0.7755138199128284 0.8021544029059546 2.920016870217561
2.127536022793965 -0.4569250463511949 4.571329165834646
3.212794209265077 3.012802435514102 0.42331329759055625
-3.3625433836458516 -1.62001199280988 -0.06468972408231013
-4.507400715865022 4.48944086473816 -1.298859126047658
2.6383687543128884 -1.0180010978117093 1.5192919766879924
3.553438289697624 -3.85018543720262 1.8236408623140639
-2.5461889970292093 2.785539183395354 3.1540008437380394
-0.4986290821249284 1.119496832596381 -1.2514169370453652
1.4536566344129485 4.697761170879184 -0.08716228122616608
-4.5386567475089805 1.7777061653388184 -1.2140645436342368
-2.7615990560727424 -1.902212903670819 0.7241353366821884
-4.46310923911301 0.6894478090017557 4.4864855643893184
3.1659638463238124 -1.7592153989773394 0.027386539091574857
4.21258451452492 4.764647561488921 -0.27507146384874004
3.828242081918825 -4.855170581159105 -0.5412545069724504
-4.699874802863066 -2.38200208259685 -4.350367420331183
-4.87550621346918 3.9805929310397534 -3.95602232091801
2.458867977041617 -3.785959487810835 -3.026397309387638
3.765881618622746 -1.4939727098491042 -0.2691649297634418
1.1889040668226016 -1.5398613995254395 0.17221098412583893
-1.5619380974825106 2.9222392749301163 5.856000380894279
0.9197584804582934 -4.7225528689130165 0.04850867753094772
-3.210282052574156 2.5449979179543796 -0.34067326494579875
4.934346224792545 2.228070372855287 3.575839635635954
-4.473111026423667 -0.3511126799869704 5.473428882694338
-4.381949730041711 3.4781638469239464 -5.356967498148741
1.396832330412444 -4.728810183778073 0.09703572745361252
2.051366992435325 -1.5105671191145467 0.3202490238913418
1.4027109581388784 -1.1718751165170307 2.2977022361478014
2.376239053152558 0.7933307870407456 2.915859343033306
-0.06829523674654592 2.0204279240052214 0.17796208206825265
1.7686836679576512 3.1883100693305053 -5.876486063204157
-4.379073903083367 -0.9333262269639375 3.374449224608052
-4.262642229933391 0.9283874691221339 3.237282642667236
1.6628900799012944 -2.0927742535734706 -2.9788966921116593
2.717270564668956 -3.164979012302572 -2.469543025422331
2.0462468463796846 -4.314563148285071 -2.066672262817186
-0.5629338524091176 3.5219453398102836 2.973181604969664
-1.2760394049710588 -2.32983817027272 3.951271957099777
4.318278038812442 -4.255024243808677 2.4463953982290403
-2.703288943661357 -4.411887141231824 0.753740705860945
4.3475066126259225 2.5871157053835674 4.765231449083249
-2.087866381846574 -3.5907544032241834 4.698296873542589
-1.6450270597419414 0.364015885594541 -5.591407187738361
-3.529002045522157 -0.5076268353349986 1.9809109720520957
2.059578384100771 -1.1345960170289473 2.2381578903016432
-4.746682902392348 -1.999378562241044 -2.492023987235165
0.5503295600770244 2.2905980517935545 -2.068555350308456
-2.6939103986853885 -1.0476838359113505 -1.2975381303307167
0.8107501359718849 3.7767074596483106 -3.500819844357473
-1.3399728621079445 -2.851629500188592 5.597039443689203
-3.8500209521760445 2.689663810552857 -3.5119252910594136
1.595733043876109 0.669809107726306 4.7021787781617865
2.9925275907106847 -2.097573349724237 -0.44799128286356155
2.3674919209682734 -1.8437754619308167 -1.130827122444447
-2.410841417560765 -2.376109889614445 2.8874909148354893
4.2996632652077 1.7765633055147205 1.12296973912285
-0.6382969188695355 1.4003223348901974 -0.6064920467598851
1.0439634590649094 4.997241062966507 1.4574652367534389
-0.6793556577303335 -2.438476273993908 2.875682528747825
4.420382282479645 0.38256237523228176 -5.330636398365719
3.868462143841299 -0.3417177612191509 -3.7566632669139866
-4.644116277315478 1.6433384690124244 -0.4338581017307717
2.7962180606208697 -4.852131461467119 0.2829352486881805
0.18034243348467704 -3.4944363127577684 -1.0098983001809911
3.9418328148193886 -1.9305629829976692 1.5156497945101013
3.7085653034694364 -3.5788659826327396 2.919280499193188
-2.787363605163936 1.3761713907504012 -0.4025019250172471
2.4505769466099645 2.8184934338989907 -3.6260561081463467
-0.5743094500542085 -1.9483275931191466 1.2015501857956024
-0.3805266814985897 -3.616529273006438 1.9818153331495627
4.985209265771983 -2.9578308230005055 5.680804620489331
0.9179382504173805 2.708218329626316 -4.325497534767902
4.876870417610636 2.90014202961991 5.747322247849579
-1.5256733416275847 -2.248251756642917 3.757046334819306
2.8553043365054815 3.6650574828483347 -1.4674734763854032
1.7987540778553734 -1.4196792905123568 0.8798879370381218
-3.877622887967851 -1.0634155982213844 1.9572150667965307
2.755160197039462 4.360536970584246 -0.7793337625299385
-2.151019358572844 -0.9307760503000964 -2.996833665568656
-3.529787040403376 2.5756094755291814 -1.916954294863423
-3.3427559558154485 1.5471073932096235 0.028396960735886965
-1.9133349485418694 -4.230327143971293 2.6200427701903823
-0.211112188687399 -2.4137725871071547 0.9387222403953176
-2.644968488878039 4.085887141445946 1.6761334170667046
1.4653740918240565 1.3653006892014634 1.2175172428954555
-2.0711221053708107 0.14424422584687235 -5.2098846267148815
3.9633353853914084 2.193240398272672 2.5618024043806455
-3.5607395425431863 0.04559405903265912 2.4393503500495726
4.623041667105749 -1.040428026564185 -3.0229999906569778
2.1535199607075617 1.8314638541114583 -1.291154053459098
-2.6222075375342335 4.198358452886838 1.4642941332666843
1.1084678448886383 -0.9091783250666179 3.2993574143670634
-3.588105972828041 2.966030933489323 -2.5511135327082823
-3.3105412932779252 1.8891515696420749 -0.3157832012187875
-0.5102940592805059 -2.5872430715349592 2.491724826968955
-3.575231492973926 -3.5592399860352577 -2.3043583818166633
0.2907651033645422 -4.454812629114179 -0.4381771629792468
0.11918038121114982 -4.310350624171231 -0.2791461839388988
1.6461499947493872 -4.575301851713583 -0.8176221240825311
-2.369958897384813 -4.107868979570534 2.377959288635733
-0.05568334313092205 3.470755133849872 0.3160000047622804
1.327552862787508 3.372923995911661 -5.66824845048124
-2.2972649067300157 1.5590541643930065 -0.052664131698559866
-2.434128603175979 -1.2826117647063437 -1.108271261991988
3.845652360162946 -3.854648196049725 2.9376557164648562
-2.0198781425096546 -3.3262997820708486 5.31313669315273
-0.9721216278751559 -2.6927932836094848 4.465650631182131
3.7298761850976287 3.116027187693586 3.328515479561682
1.6095019102669292 -3.778771951905082 -4.819050431908969
-2.148241289559617 -4.816096692880704 -0.5204212986586793
-0.8382581962833644 0.6354567824091024 -3.5901162768456163
3.0557864116990014 2.0275966839886763 -0.2268053245488584
-4.135781662481007 4.325572635699935 -1.8974900299771256
2.9022869412517514 0.8851063222199933 0.9005277249753826
4.520128637118173 2.208504119215479 3.506314727573769
4.060194893887793 -2.6475989100085693 4.198429434479509
1.1196402649056232 4.518149741735739 -1.0422434775306133
2.1725333916896092 0.33053697719512076 4.6783788657115375
4.492501867140598 1.8988679511044264 1.8867585585315303
-2.6833005431219292 0.6733874664450674 -2.075060800416309
1.8660832348751377 1.5692810087099236 0.0086983954459936
-0.9954621805269683 0.17492007594010506 -4.957245677963483
3.399148539422068 -3.4685878468746347 1.447324616920925
0.7299249940245014 0.25372418520629747 3.872791497508066
-3.011507628306962 0.3482601868621451 -0.7315870499477828
-1.9787095291042913 -4.983841561825054 -1.4767867507496828
-4.682319251029404 3.245035309912545 -5.9652296021314895
3.1379901949319446 -0.9575910046844793 0.012439084489983473
1.6542616051074557 -0.05307804497558699 5.970692335166652
-2.7995477700317437 -2.7984168205765583 1.8951389220213801
-1.1007241220327515 2.9190980725801987 5.217355516296362
3.4217023786271525 -2.9676806790228625 1.6337447454861322
-1.4209264102992734 -0.922922591081826 -3.5803650739557407
-1.5670711922406877 -2.1105641305582425 3.0835995312979483
1.4221549611365427 3.9461757473071675 -4.114593477052807
0.6294944206216933 1.4504143214586716 0.42421309899139603
-0.3724895264258734 2.352878542654677 1.5389185183936798
4.180931461370532 -1.0041178233803185 -2.7767220664595857
-1.1393618479043588 2.6026759275143103 4.677717402759152
2.1948044277028336 -0.24015470170753872 4.729516545053981
3.431029058278197 1.2482518113004062 -0.54282111256533
-4.818545913996574 -1.17154574563064 2.319238102481529
-1.02082945808199 0.8832254916446729 -3.2464545423634905
-1.8133759341352338 -1.3842711660344795 -1.0800954118566766
-4.041202969364167 -2.3519101724501015 -3.308082227522524
-3.429566868443754 -2.083795400031879 -0.8363411261361599
-0.3942837043487435 -1.6085657575222934 0.08703337403029114
-0.3321983936221091 -3.0352893584818785 1.9456865917552932
2.295051589316679 -2.702892020539097 -4.068400144139215
1.0872158139689514 4.822179629520294 0.5820386149840473
-1.0122493760199438 -2.2014972231873253 3.000541541031064
-1.3490848602869066 4.252295625921674 2.5989778828411696
2.909931196429251 -3.409094954778664 -1.328574986308658
3.9940663269468306 2.1649762065659264 2.5290091621398916
-1.6396463641832728 2.7033562566021914 5.420136629011945
0.23694778092562174 1.1483064513353671 0.5774985026473459
1.700258993654396 3.4388831518682696 -5.688793202639552
1.9949285171391171 0.23882387153969198 5.3131675827727936
3.5718223704215823 -0.13068236341459372 -2.481139464372845
2.6435245784290444 -0.024354045865263352 2.865525318919649
0.5547530338330118 -2.1476516468677485 -1.7236533377308694
1.8485629276018276 2.680863193153723 -5.168372239928768
2.4241756000885832 -4.1083408924818645 -2.24047421247084
1.0429305902130972 -2.579254589318948 -4.38513165030034
-2.2515787177939584 -2.132725335712653 2.4842622532925605
-2.3247412530048894 4.213874029663764 2.091287834479618
-3.0279362973478117 0.17446816651034514 -0.6701406677596891
-0.49496877105253656 -4.013380939798218 1.8338733337451287
-3.797647502802799 -2.955969015027089 -3.5970992870778034
4.5931975316511835 -1.1139828237105034 -2.627766587343639
2.8331091485290916 2.4326643950134175 -1.3827678769783531
2.020691998166476 2.966304077790644 -5.32016135566936
-2.9797317836118875 3.396025200080061 0.9358011057067828
-4.927232608033566 1.618182137361254 -0.2776744489163597
-2.1135427318303135 1.4169952191999808 -0.7870816355225422
4.860068787041792 2.8646355868878315 5.708531172163095
3.23073429083194 0.9729283397939801 -0.3006585525703965
1.5539250365449364 0.7901193986617052 4.221962030606654
-4.098813097955658 3.754489784101102 -4.0126786703786825
-3.8891690287075456 0.7359971854658092 3.0233323093014874
-2.704703526044925 2.0665226981431326 1.2076028546578024
-4.12712351694876 -4.202586617557539 -2.4407034492026
3.7259415214102205 3.9951989233363 2.1755217244935423
-0.9839825206590982 3.6726700261165206 4.30808026252205
2.1409644903243805 -1.4487569497236006 0.6148750258590929
-2.9624369797642522 -0.08063735955048923 -1.0657186801436482
4.553286714369834 4.164443143632244 3.086132691755293
-4.518237226540349 -2.5559795574944424 -4.906294144898526
3.4935647677986985 -2.656313483463003 1.829679195940891
4.1930143880081925 -1.0699735764795584 -2.500981529669218
-4.243491415874846 4.029117811952954 -3.3791493164739754
2.683741819501413 -0.4105461695359516 2.431743974539127
2.3394122238144526 3.519445873629257 -4.0089797412492345
-4.6696114711869 -2.1101360274882253 -3.078598274665119
-3.496597665895597 -3.9706391638919234 -1.4089676902099773
-2.6951126852115257 -3.984156021429215 1.7242847289098107
2.024233773866481 -3.615206634895559 -4.799974423517097
1.7175153401320111 -0.897418251157525 3.701580008973883
-3.384442904144347 -1.1132568351340568 0.6373547888097213
3.779325257401492 4.049122466545981 2.1994141204486835
-0.4626249099136466 4.691523215829154 0.05587011872069266
-0.3123094107962654 4.359845233939803 0.6365499629712049
2.162442638651366 0.9345419848264038 2.959134847099359
-0.624651920750785 -1.6736133164731024 0.36013817414906785
-4.378875189784576 -0.03522202138252517 5.665870986312693
1.3259106261536733 0.5954294924353665 4.8192425858582
3.1782912646118255 -1.4102793023413227 -0.035185028001445566
2.6452898477121147 2.2048495970094537 -1.6925689691442216
-2.889482976466046 -3.234586596812904 1.4902180884545735
1.3211038335492997 4.043149876404101 -3.6069009977415964
-3.0409063709324355 1.2836014653569352 -0.17083526069912772
-3.0414220834045933 4.5588124944389055 0.09178697284407447
2.4800038509694797 -3.441871492489729 -3.5212835708097545
-2.733345376831572 -0.5146340784638408 -2.07347299945417
-0.03720086166197678 0.5289434685034964 -0.19265766405791904
-2.9472789775609765 -2.246301276279979 0.7244370655568461
4.372403494029278 -2.1794010836636604 3.233985423162198
0.5253579882635373 -4.766696586833054 0.16333868305529176
-3.6919909288253914 -4.3664956228299445 -1.0639532873171866
-2.1719617205704633 -2.3213437198170417 3.374772242700906
0.6487109953647181 -2.312184839647861 -2.447980264211854
2.7053012145305786 -1.390256266451868 0.455274336910137
0.0061225528809725205 1.6194991768167375 -0.0017883962719092046
1.6811167917178027 2.5513319169764506 -4.954470420908103
-0.48774221126370776 -1.794442103999966 0.623617053452711
-4.434110058158776 2.835085331296588 -5.500295122963851
-4.099041331919259 0.4909466722088043 4.326849506777612
-2.2584008253057766 -1.990687677961379 1.890166920271668
-4.6328994069509655 -4.383614634294803 -1.9311823077182737
-4.279191838365528 3.6749080003420183 -4.689495729810437
-2.2431948706866778 -4.644149266988435 0.3200672872571872
0.34327623223951687 4.003753548531218 -1.3142507008942315
1.8972073763183435 2.7395402088361074 -5.230016174319032
1.711586025872922 -1.5725362719694513 -0.010336370406457024
2.090863844297502 -2.133509430201437 -2.7776929259824272
-3.3168994314786904 1.8009798701219673 -0.23875667162113312
-0.44454595351137716 -4.430042337531565 0.7188944141434945
2.948572755095112 -3.9135797623121347 -0.8246794554530237
2.859345878485474 -4.9096082688905165 0.3274379506192264
1.2588733530122997 1.3313347107341267 1.3544074844398888
1.000490309318196 -4.732527672318604 0.10170187285247272
-0.545472749530374 2.3350851167667486 2.1542241545625846
4.589316825334182 3.6114874300148045 5.309231473781481
-3.8003073699720935 2.7967443590896215 -3.4563876387332786
-3.2497303332020167 0.26892756896295467 0.6242865569657244
-1.3743267028147113 3.4576251592714957 5.593143490728712
-2.938277629371433 3.361503378717943 1.1823263502264063
4.339053741847323 -4.205724920896369 2.711017745772909
-1.939500907478997 0.8986321470780831 -3.485001595809315
4.37474081357429 -1.3418609807116133 -1.2847612516467681
-0.5366353194325004 4.232812288251758 1.4153479023163171
3.487306233926194 -3.160713759829136 2.0328370679318866
3.0993295737639848 4.623676485304863 -0.022459397386650853
-0.9254783601571557 1.850595033887826 1.3237700311144422
-4.4879401598700905 -1.2401877845391884 1.8988574541491305
3.5234647175954983 -1.6174169019088303 0.10420351933302484
2.325370948480508 -1.1920926050648548 1.6161698850636732
-3.9463864890254596 0.21365680883677385 4.225804752657952
-0.44588759787962395 1.4627333293250775 -0.27907485891021
-1.56169203097696 4.1907717074921464 2.9895740226375964
3.6195890624122065 3.7925934119416045 2.195523732011928
-1.6909060968957812 0.3369753839076495 -5.621758199454435
1.2674566453757201 4.240052339693456 -2.6051783294593527
-4.778867676010329 1.2391642091805712 1.949204770991651
1.0427650688804544 1.6586455016115185 -0.45471964398325915
-1.2619458901889304 -1.8513222431754208 1.5825659041813944
-2.9165989144929805 4.924680483057042 -0.2820440315384461
-4.971731744309999 2.6536020953778747 -5.12243326019028
-0.8093151783220867 4.126569009627749 2.401108659937882
2.3709842819149234 -0.8434764403883088 2.7787787977897795
3.0572101524376745 0.5473255318702019 0.4318222349619852
-4.134020725936366 -1.164521292098235 1.9854894081665713
4.379887811352162 3.0349928495564953 5.639180518282601
-4.229213311880412 0.23860512081428986 5.16261514318969
-1.6616123138010175 -1.2209130379508961 -2.0482533657280784
0.04137392849518662 1.6469209403867797 -0.01887381377658095
-0.27387569783600973 -0.018004357758191425 -1.622525241060801
0.04603118399922934 -0.5786468379975718 0.2311431488232355
2.1994242238102615 2.0437018144016292 -2.2104241248039376
2.512160202409035 0.647462591449516 2.817275525477554
-1.7217022455786024 0.27700834643680317 -5.705678619886996
2.505998929511925 -0.540868091952758 3.0535094400365033
-0.9584325146392452 1.4605115447551054 -0.5403736901617934
-2.4024325503774313 2.740742941381833 3.7215939751712765
-4.849437442156118 1.7223223772655114 -0.8971891592304835
-3.3086484127822358 -1.647422336151311 -0.07637336525070068
2.7715042978245075 -2.640559148674458 -1.9034418089460605
-0.44295956119110524 0.9632741043551114 -1.4680110452096111
-2.6129369981295847 -1.7883999384178075 0.6533356070344358
-0.4709328643893542 2.1146338335495507 1.4085859516750592
4.594619996355197 -1.623918844363459 0.3163784528814154
0.5406631006306153 3.054424168132968 -3.0765024719520913
1.6287376497500485 -4.743094044459939 0.1838923232991332
-1.1837045189292006 -3.669796509873835 4.798849265123986
-0.656332404629568 -4.761130891756592 -0.17838772445420106
-0.6442616437887096 -4.111180617573517 2.0383660326794866
-1.9038585796878325 -3.30849362570751 5.591481418057359
-4.826863229682622 -4.792068295151102 0.47444447296736086
-0.5563099604836408 -2.940717719433792 3.104629384562463
-2.713351297825829 -0.6866387853519154 -1.9269795231289768
2.519850187028166 -3.4095190448779578 -3.370029897303835
4.460124132616071 0.5074567406129429 -5.077927980494088
-0.7508378640038629 -0.6103275218050328 -3.3544686827416377
-4.962680135902718 2.0509634498109106 -2.685203453698583
3.8543100685360283 -2.297494255096505 2.606696774948982
2.634716976168555 0.047400496443397167 2.909417287556511
-4.074135666905562 4.17909362174283 -2.449765065717873
1.280167515680624 0.7675763306550039 4.136512224414125
4.272520047886996 -4.324109190676624 2.055343387547618
3.8915925408221312 -0.6414533328009053 -3.27688382440113
4.3393705423347395 0.27126825198109117 -5.38306895651743
3.2674916991173255 -1.9110473689005323 0.2514275696038758
3.830969600289176 4.3788173512137245 1.2495452686297461
0.8599916506139849 -0.09303384111058399 4.5273589688514955
-2.4162485527318145 -0.9415127175334073 -2.342702233476452
4.726200514316011 -4.662404688967284 0.29975228946475224
3.3153084046021224 2.588189815058163 0.8822695674217972
-1.541581733441543 1.1780908757544752 -2.2951561035161037
4.869752711832765 3.3894740929975757 5.744735508997055
0.5954918477757278 4.934629074756739 0.7418064062950175
0.2936193499335271 0.13632282857993427 1.7204007712658733
1.8680362959867303 2.2332579557158976 -3.528530207134715
1.1756367359097357 3.0067713871943997 -5.487359081463153
0.6383623537454763 2.2930456671238026 -2.363529230337462
-3.3248478174548133 3.7700987571594364 -0.8844482216622118
4.182655776479381 -3.1514210237521123 5.1774014143368445
3.651092330881994 1.135526194417837 -1.2339504601771478
3.1137706470294884 1.7886551594193794 -0.03607596370900641
3.267548417235677 1.427331755099054 -0.1077641265317333
-1.4619791111698666 0.3737084290179462 -5.552840376880577
-4.990055410849147 4.5904337715397165 -0.7019611974657153
-1.270488296343867 4.409820913212322 1.707821746135083
3.0318910392361467 -4.136308822616193 -0.3578350254957071
1.1386446226728015 -0.8011610261651247 3.791396460348862
3.0658789816197505 0.8804760006932719 0.2890033138515058
-3.919307792767156 -3.300131209305807 -4.157123146161822
-4.13113568473261 -0.8358906274837672 3.3624096966644546
2.00230918978042 -0.14615110374481066 5.3919013414473485
-1.5848622866154316 -2.933167984550167 5.869567867623854
-0.3286026867259011 -2.1000051644075834 0.9775546492968795
-4.46869782847711 -0.8344839475355004 3.9103092035295655
-0.8719603136046663 1.8563639139165247 1.2940124391026315
3.2255031011191413 -2.48865815271613 0.39943353483173827
-1.5470755644236913 -4.200820156912601 2.936448639611514
3.8331981049048736 -2.052175383478161 1.7717451965673396
3.952630339121317 -2.8939039334848937 4.217258376608415
1.3137869320174334 -2.0360050228205298 -2.603247137098133
4.2770658528781595 3.4428993130803107 5.195310240672654
-1.3419278996982653 3.333706245320908 5.736038066210763
-1.6546575623228952 -2.1464987135424507 3.2550649691851947
1.900002104632236 -0.32064734191612576 5.388408170102303
-3.5602460280268486 2.1431686617578123 -1.3211293038988912
-1.5426885057425013 2.659879259963666 5.315114176813313
-3.538942603890983 4.246230108211325 -1.0435778333292927
0.1705465100143524 3.834041914508358 -0.7837896941539219
-1.7960064916196536 3.002440036879481 5.7919510803934
1.5024697232290807 -4.406680067695435 -1.8016021552854018
3.674488243103921 -1.2287446512802713 -1.0224215133812087
2.2953875103579087 -0.0541829771899236 4.486029663951077
-4.440751078102401 -3.136425979631403 -5.779919195660259
4.348754422000852 -2.2522513841051817 3.532399404839543
1.034483058756095 3.806437405679599 -4.059088158043405
-1.7456910920477853 1.4092573153306267 -0.950302644783924
-1.0519878260735513 1.0921375381428255 -2.3998827959027036
1.6011039635167856 -1.139034695717628 2.5096754263403005
-4.1209739943535695 1.9621721250656208 -1.9000227805316503
-3.1631292809353906 -4.979867001809185 0.03415014115001884
-1.819028406138985 -0.9298977907605561 -3.4775326301285236
-4.728141798922589 -1.8779814051502308 -1.8140350211365315
-0.8070758457883596 -4.585805874927168 0.5470976820275733
-1.3741308363800462 -4.790750055076644 -0.4606315754779771
-4.0731934058091825 -3.616003048681198 -4.283647163515701
-0.1507956702824469 -1.7129607143255852 0.12770852134593033
2.047016494478962 2.0753565678765877 -2.577804308318368
-0.7286901095347922 -0.3482609741109153 -3.7555068816117836
-0.6942276564774907 -4.602424740537584 0.421275258077976
-2.2918477940568804 2.191393925231605 2.6207263156730125
-0.9689158990127558 4.75193906718194 -0.19554927738271347
3.5291724074128634 1.602535414747491 0.07196241695820563
-3.9859630505487975 -2.5115582454561736 -3.624169773780718
-4.97194105115224 3.993938343689752 -3.817032218639144
0.6594775646870952 -2.8668298517062905 -3.538327577310911
-3.8996273017994945 -4.1641315788071065 -2.14993952447503
-0.016587464966341336 2.682547960093662 0.08921751346793581
0.9451943335979625 1.4172543125064552 0.7438460697537248
-4.580918668170635 -2.1987239282031035 -3.4943952650332943
-2.342118116073445 -4.839386493908046 -0.5448682062749185
-3.0907059307800755 2.429885799462591 0.23110350247953956
0.8726238218687223 -1.8973442551075137 -1.4743183259285957
-1.7963237300653887 -2.7556476681887343 5.4178929449710695
0.3281954517679644 -0.494046579765949 1.7027451378101597
4.132342111030786 -2.6588122340776854 4.445031232199517
1.0917508329196348 2.7563911052208745 -4.934438675734281
1.148639393107457 -3.1242688379083106 -5.472422548738544
-1.4709666681578737 0.3274276271629333 -5.65295064489826
-4.152974265731112 0.3530905219288796 4.771669487911883
1.9908806017227594 -3.8701601367570513 -4.087538641433414
1.1169321899654499 0.2821467714367012 5.179335714283792
-2.0857544482023216 0.16866676346112808 -5.147778743846578
-2.3202034056965957 1.30277864550143 -1.1632388610775306
1.5067288515649082 -3.431174002599776 -5.738383854877227
0.22438243562941373 -3.769442987087678 -1.080425944540397
4.977142834911687 -0.8084390300959488 -3.9993875000121406
-4.113642592942436 -0.8101469288654952 3.4168038592669077
-4.364464225722278 -2.561980955972669 -4.719262259441404
4.452558212204984 1.1677772082239404 -2.2741959092543955
-4.5314066896657055 -4.8816852973210665 0.9944214082951762
3.5510926382051444 4.664289891347211 0.11485981645621646
0.0479181903860173 2.419999534264898 -0.21576612990881436
1.9165202885591555 3.1946130222371245 -5.637049573231463
-4.21701111087769 1.6178261520633033 -0.24816647291951408
-3.4180995350130914 -4.83680780755177 0.20327032867284964
-2.8720804612723816 -4.800885853161089 -0.1411952702012414
4.599130592022577 -1.930730912633063 2.099738554481842
-4.001669777437206 -1.6593677995171028 -0.4022397269514078
-1.8243234400289623 -1.0585996975660317 -2.846560411523418
2.324550055057503 -2.439466887680135 -3.3399949281257
-2.188486830154621 -0.5049648568505338 -4.280832034695342
-1.5578944957085286 3.1725495718062238 5.996626111685812
0.3533636207922264 -1.2288513570525028 0.696236278717635
1.4144086276908912 1.1764271811367983 2.2772212612884575
-2.11086439629916 -4.719410355178686 -0.036131993365771116
0.6293628000519274 1.9973744019729018 -1.4613014839023215
1.2687364672882238 1.5001839666974153 0.4041565667037089
-3.0424240951281467 4.1100276048159365 0.33657507415684174
-0.5828986394255464 3.4300577235768177 3.1662162708281323
-4.552600853188774 -0.8696248229539716 3.8213710397146996
4.817116947504449 3.1852044034178704 5.961452429599158
-3.6055628917049667 2.8858027990791077 -2.597652611681958
3.408980344389125 -2.0422388653349657 0.7199884008876901
-3.4023982160970268 1.151084695171881 0.6304607071192072
-2.5467644294847114 -4.760375616619444 -0.16127870438821165
0.5560810454728395 2.414976336578679 -2.3672276063260096
4.5479689322276045 2.9252962500442283 5.781160122799066
-2.6009759432982094 -4.89887944120707 -0.5725482501281783
-1.9585059395338336 -3.6044501102995943 4.9702042228097065
0.7709821248047835 -2.4966611992906262 -3.341240287827162
4.010472237764716 1.6462670695039838 0.34545130742354135
3.8039360137333027 2.3230946626307345 2.521307982097092
-3.54931061229943 2.744608455640474 -2.19407318133735
-4.049625648218545 -4.368250481046064 -1.5957572481014224
2.4601294589702105 -0.8815296286321059 2.403705338126472
-2.6982809314177905 -4.073734789765313 1.534162952210237
-2.4382670400943462 0.37059633416580606 -3.6171018217734363
1.0856124034125205 -4.346317939225369 -1.899829939952547
1.7510131885428812 -4.671798513809387 -0.23953279827058227
0.8767051217710096 -4.642260777109297 -0.3231530741767722
3.1723377137128193 4.06418065889547 0.11135811497914912
-1.8243339538879422 4.130145897034893 3.193915035613123
-0.3632694218045476 -2.1442654734745306 1.1567117446637512
2.1435623923043288 0.04070667804353967 5.038253430670732
-0.9938970263605231 4.827892183998626 -0.5795688453112781
4.998375721935584 -0.7812140832328174 -4.087315426075385
4.9838176679653206 -4.022555032995091 3.6786565711220676
-1.3315728390392167 0.8407858889035467 -3.8873175125794837
3.6712417698362696 3.25812770871752 3.010822946329456
-4.260209788944049 -2.560986859201708 -4.512581754842779
2.8884166539479814 -3.716390725830224 -1.2613701990573247
2.957716779540677 1.139074664755623 0.45904375838800765
-4.700736471378151 -1.6819492123256472 -0.6654996877358
4.764644558155206 -1.6163047448285583 0.2725836806978764
2.682954617709383 1.0909574134184972 1.2262739320637102
-4.0428195960950495 -1.5960515239564774 -0.11880130363792134
-4.417389320294181 4.429718288273548 -1.6012353972292233
-4.4976759885102355 3.176060989970356 -5.858743507201198
-1.7785859005359628 2.867224259355739 5.651342407549118
0.886388791526449 -4.914705084953107 0.9341164419178781
3.2625070801013365 -2.3045027501056037 0.48462246860992975
-3.0111416380868326 3.034062328903925 0.7759800793500101
-1.533823250108445 -0.5591630762470379 -5.082720218993257
2.363807848555921 3.4708490199830564 -3.9840572703005037
-3.9722296919123568 -4.499176914813764 -0.9374247182281183
2.411453875249043 -1.0630687302498307 1.9456647888138365
-0.2669340788833523 -0.19449214603073894 -1.5528126490435272
-2.286368957942967 -1.4900087475487265 -0.36543308054943857
0.5376283325695352 -3.004469175799737 -3.0437604864382224
-3.4244427750310935 1.140289995952486 0.6988465622534545
-4.801790189277806 2.592876302780452 -5.0987245489585415
-3.8405438836750383 -0.9307629969654059 2.3055709128398876
-3.543633701766895 -0.408838756635852 2.1542875857169026
-4.23587458289754 -3.6524340203123273 -4.650928431145996
3.2669296774817216 3.434092345682787 0.7181969668523069
3.695144549042338 -3.5092791371576713 2.9434450620276107
2.4295450812813844 1.6593228156785864 -0.34659826229872664
-4.654541761198322 -2.027823358747484 -2.6432645272977635
1.009092832277366 0.8289545556228086 3.4309982902405056
-4.909111212800311 -0.0464971798173206 5.877915303357663
-3.5852694005804517 3.715736582898481 -2.1626041406054046
4.27084522306423 -2.889889652217356 5.25362870490304
-2.691709353568139 -1.1474016095882322 -1.0719947824637837
-3.495770514807919 4.309040500662679 -0.816760261604824
-0.5814538469531358 4.92260891974084 -0.6876752557517657
-1.481207244787094 3.7610639308893514 4.8655219481510885
3.6794673992702585 1.9913208054494955 1.2548752888453714
3.6391532029419267 0.9972894996649417 -1.5537894444801332
-4.41645174449564 -4.186001399241244 -2.8834376351556457
-4.374408514972693 -4.55229914710316 -0.9023318592264765
3.5969603609957783 1.586717613725125 0.04201060834971048
-1.3909421912124653 4.014804746664417 3.79203960320295
2.988802138325645 1.5294295724483025 0.03776453526954674
-2.3170443661822415 2.8040778276272293 4.156894159454873
-1.0411119573039174 -0.7280148736824614 -3.865210544563822
-3.619099587112399 -2.2889597991946165 -1.814376023969529
-1.8552689522414587 0.4990586106220851 -5.056470913753492
2.8901386678869923 1.7562548168823522 -0.2752819212881431
-3.8572033166124586 3.200806495771502 -3.9295712459222125
3.7369376739883045 -4.351058482954869 1.189509392923399
-2.3635982287738355 -4.511047585311792 0.8421544724882409
0.4542203947346666 3.131789342931624 -2.6324448473127737
1.182112196972712 -0.662099020508407 4.379237977605322
4.247569606310812 -2.0095666810046464 2.278521583981635
3.3194333419968896 3.975135693231202 0.7135526791169367
-3.4834189755277976 -3.468938489982123 -1.904450620745905
1.8732320035858328 2.059178179430319 -2.687414792442495
3.824416200029514 0.8805935024654774 -2.4104685786383517
4.330196680528054 -4.4553748735386876 1.4151215443907577
1.5980528543619918 -2.017238088425163 -2.5895904663784273
2.053690694454006 1.7720639793430806 -1.0623155889387164
-3.1087840695615854 3.7185795548642027 0.16495363747995212
2.526776865101481 0.47979346221178965 3.0700849012515965
-1.1606898948465938 1.4117882191585052 -0.8712551322358244
-0.017796475027397562 0.19712032676265068 -0.10470550958557806
-0.1478009662082389 -3.011785741277696 0.8761469447619614
4.1753765793346265 -2.133647240227765 2.7509429673179784
3.6773453670277654 4.1738086363822475 1.5710316862696063
-2.1800867227947798 3.592408374896536 4.4287459620537115
2.851316832022878 4.821681438364166 0.18731441380915542
0.377798391443676 -3.833704665462138 -1.7039810763811567
-2.0787734380256353 3.745375126504369 4.315496842726749
1.278483876787277 -0.944882667742104 3.3659205780792165
3.601845019235938 2.9217366931741857 2.6008947087429157
4.056827328760541 -3.2404779377234973 4.732999008921793
-4.338613099415695 0.5677566448458915 4.709383149215078
2.246423611676569 -2.147593556380818 -2.5532312529283137
1.4740661050384798 0.7359372452575013 4.426422064255616
2.4249963103177707 1.8617815786598815 -1.130638352668251
-2.492309862889953 0.5029734754610038 -3.1784134595959412
2.1334595245464163 -1.1615832050120165 2.0192891147250944
2.45549785422196 2.352975476969429 -2.6791337304055327
-4.602620373243768 1.4488827706008447 0.7252791498433663
3.9141077546617478 1.7161276717442933 0.6064540667807679
0.08389701239491743 -4.852973840394651 0.07045230124773866
-0.6861461125761616 -2.404727267821124 2.8152064567644803
-2.0139443151489855 -1.4782119659428252 -0.5011311313181999
-3.016016089605029 2.519896467249029 0.6108724299766629
2.090156612641506 2.9536461311506645 -5.117093744820056
-4.317990714598973 4.32529345984555 -2.0911137202243397
-4.286332459122015 -1.60085969868357 -0.16422996615087546
-3.4566110934515724 -4.9309394812758525 0.40305964449630494
4.5996124877669935 3.3452690869560193 5.838650038364924
-1.1429857713227278 -2.3468477447577243 3.824029019658879
-0.55011268578144 -1.6305111925472526 0.18719630585675295
-3.4059638296621673 -3.327275959837009 -1.540863851597339
-0.6049032456327739 -0.9145847537427008 -2.0817861181430435
0.22440594273118286 -1.1223501879530717 0.5788812562278567
2.537477778133481 -0.9140449712056462 2.0808688702769103
-2.098319686647679 -1.0578530452737187 -2.5441823846608562
2.3481304551467543 -2.3399308677466935 -2.9745138048454685
-2.9753325105606656 3.974081515077735 0.6683065347943375
4.616931981843166 -2.513911162029335 4.834238816692167
1.6029929771034714 3.3738253507513924 -5.835903656164724
4.275886136486049 -0.05999278432213906 -5.427632169086492
3.3628495198814825 -1.724036339555961 0.20098788581486543
-3.2236537794781928 1.6435954638474524 -0.03577204301694694
-3.404442068012731 -3.781107303053836 -1.250918131739204
2.3686014678631926 4.329673156289324 -1.5645980138831719
2.3352463877593186 -1.284066488124469 1.2247616386119096
3.7675790639820654 -2.482080033859254 2.7781742819905824
-3.0411355722621627 4.710151496314115 0.0013463584304755746
2.9937204125533476 2.5091164175232503 -0.7130073790737731
1.489245330839787 -0.41079134790472693 5.482548901988038
3.720946999183729 -0.07885539137762088 -3.2746947862185416
4.7444866519069375 3.8417771936153997 4.585976352161549
1.6398883996123095 1.932188466590084 -2.116399134273455
2.9553906192358763 -1.7060274688643071 -0.1497529538683347
-2.3886526030180146 -0.5930924303090981 -3.402043616091045
3.6762161124958546 -1.3046232599786913 -0.8041439171564265
4.37728128476831 0.6614618134508419 -4.471209766753406
0.2675007987962994 -4.658643273092697 -0.08519599051783983
3.9847426758852666 0.3011258437614597 -4.2788455657512
-2.9239000896982734 -3.890856834151154 0.9488184809086514
1.4369213950420239 4.7695695921932355 0.3398285460148544
-4.27849899641058 1.0879494580877545 2.527673513753907
-3.6636227753186947 0.6077708820595262 2.456074567199977
-0.461419390122094 -1.1285878459882746 -1.1431542036434479
-1.8673621610599769 4.100703013862251 3.295080822801069
3.7818885556163337 3.080747779276656 3.57796332347567
1.6128203647284733 -1.6841394581536107 -0.6780045163270569
0.8961878871957305 -3.1935593011299233 -4.6793839264080965
-3.557017812102158 -0.36072173489818127 2.265633373317589
2.2055862390046475 -0.5402344802012227 4.143160595134595
-1.903125898781811 -0.6786153547169471 -4.415100352179488
4.672705664102043 4.9655027904391815 -1.501335683337684
3.3694316637187676 2.2032638100307347 0.8011306754676424
0.4326323002624388 3.842337264291805 -1.9228084794182196
3.5251885358538697 -1.6232683946882123 0.1177743061708593
-2.6787113667821005 -1.1686797900064794 -1.0485378553012337
-2.5341981463386 -1.6854227464618954 0.3916653590136711
-1.8193990280026218 -2.6347821174835753 5.084512352668293
3.022364061738905 1.1311283809133768 0.3037691441531674
-4.008568478202298 2.9956544003064343 -4.525627498151512
2.5762793048580566 -1.9618646559548947 -1.2251321467427536
-1.954999352417114 4.166405737957026 2.8884201485401224
1.067654473911011 4.615415895814367 -0.5089338686198759
-2.328487262388733 -3.78170031326325 3.495693452017517
4.320596959556671 -4.765122498185911 -0.29229070250640404
-1.3488326371006476 -0.7927090926124194 -4.108189099105362
-0.8940444832658656 -1.8932770189140857 1.4824476108734963
-2.312474893138887 2.1254077791478494 2.3297434815023554
0.8336307405611354 4.057949070364332 -2.7040706504912486
2.530948314014987 -3.2298222992955794 -3.426990780970904
-1.6627420796791714 0.24059952247491267 -5.802557583878783
-0.8272770171942962 4.899920519159856 -0.8233955435125272
4.28277444487691 -3.6843143471447446 4.6709432105474535
2.1011837763506813 -2.4039678377760376 -3.8303455605470473
-4.226381024547371 -1.7414162463843272 -0.9007920825345714
4.517895011329852 -1.77288337651503 1.1815799695895797
-1.970904663437115 -1.5846913229036041 0.07678284506776788
4.403392583519212 -0.7113346272313148 -4.329695344399849
1.0074436197550263 2.246903324232612 -3.17437170045227
4.28484330924695 -4.84077519241573 -0.6990539286828076
4.6556761747934985 1.2268320112038396 -2.020078042618587
-3.712409427299137 4.822888631376124 0.357502139628172
-2.8425054266968486 0.9014692943610134 -1.096901180160003
0.5917733135382388 -0.8836135999110049 2.123210371466806
-2.104551564718904 -0.18748782113092588 -5.0748946654455915
0.28695569818690014 -0.5857435575717709 1.4151141436727939
-2.1853769692920286 -0.027864269929168017 -4.900189049796576
-3.117828902222395 -2.921624549170917 0.13913380241851067
-4.70977171952554 -2.8005014083468263 -5.65432176218278
-3.223422407330001 -4.075347652814887 -0.2917178767370596
-2.6622385821307084 -0.5855430289941621 -2.306248693068212
-1.2145436740663005 -4.312034653056312 2.1916364435050926
3.175504470063741 3.5043760877546912 0.1901910622350418
2.863227827857253 1.229898870810655 0.5512157900656649
-0.9756345380852638 -0.319230670129552 -4.717331745965969
1.9503388864329008 0.020239559505884408 5.57186385108101
2.706819691135922 1.9560302939057275 -0.9496711624355709
2.170212701099622 0.27230436908219957 4.771453832512974
-2.6137070484724836 -3.711863671298423 2.5439909248549575
1.6335066853121063 -1.1363031921881106 2.5207394663949634
3.929050799454078 -3.9454433928080213 2.9501932969526297
1.0779722888549967 -3.907300144607211 -3.8106374356532347
-0.42492861609293975 -0.8012453692423254 -1.7211169449333754
-3.445230282239505 2.0888096326540273 -0.888288591685795
0.838888681925952 -1.586219903539555 -0.06883894604514032
-2.678800437465677 -1.400232704311609 -0.45467501300678653
1.410360809912885 -3.967258936737701 -4.016157142761678
2.824037886614274 4.143558568852766 -1.0091374502093702
3.680904308540349 -2.7894962587793595 2.8922422808127384
0.8659661700705703 0.9374428018866423 2.704954986404309
2.277929515523189 4.570486851620203 -0.645097287418362
2.3907917086070203 0.9587854578096877 2.3516875167694558
0.6667202991033818 -0.7288450020710506 2.767804620006901
2.0023178700412085 -0.500276186703978 4.782087753880631
-1.1685504112889555 1.8874951919492595 1.7194447190150275
-3.9142866182938274 3.504744590560078 -3.915240608551034
-0.6975218698164198 -4.986436029156756 -1.0429856359662426
0.9997149575838646 -1.9544986001001616 -1.8897127230271888
3.4171880789519733 -0.04567308443983187 -1.6310169913556694
1.2610365449666663 -3.7873375345075013 -4.5638481072901085
-0.6458342044768628 3.1834141135798895 3.608031464242971
2.688826015003796 -4.80188203621021 0.2345817296598367
0.6648334404045144 -0.5377418532098659 3.1791566968232225
-0.3590257911384569 -0.138627480947223 -2.087949265587657
1.9105111109806128 0.5304031854553681 4.87983110064971
-1.5471760455556103 -2.2036406929954877 3.5476543069353146
0.5378037898934291 3.474011641088298 -2.9052493820092207
3.189109700212228 -2.931717568740444 0.27874134402539663
-0.5829306512650785 2.1209721988183503 1.7268463019790927
1.3479990428960065 0.6071553675198738 4.805850055767922
0.23791386600036635 -3.784425336479517 -1.1318105552205393
2.927926639587559 2.9423415832479414 -1.2470921744296484
4.225370836514861 -4.495541078244457 1.140822821334043
4.610994155025834 3.0229486712251 5.927220649742104
2.9588721642124245 -1.5547217769503288 0.01752424458570196
4.193847562011769 1.6780217783845064 0.5577093631983226
1.9939567553426816 4.005731756446112 -3.552146821055946
2.508523986794776 -3.2071665482669487 -3.542100214521665
2.126649069291581 1.339161903301643 1.1700433719406549
-1.6302124981163613 2.651491647784077 5.2843705112229955
2.4111859548653136 0.46728366576737823 3.573891142427214
0.34687192694802604 -2.7987973485617648 -1.9210713347986046
-2.41576750427798 2.102547848985207 2.019310538447148
4.314816431942981 3.1787526290404458 5.528202396800975
-3.6993703027407676 -4.088344224720154 -1.855697857127583
1.8195818057109783 -1.7767195988346307 -1.1890547808227876
4.225013513158064 1.6234792662097206 0.27916362757417634
-0.5608378302691444 -3.1548848367696336 3.1910932789402766
-4.401539791713174 0.16033278060710554 5.639178428706007
-3.2235751166631954 4.066437786925013 -0.2957685511660276
-1.9041380455822599 -2.06076447808078 2.6681601380452618
2.5697519568268916 -3.481193688684857 -3.0616362266788406
4.470115352565347 0.7791335037662517 -4.144455918719267
1.5156321838947484 3.676550092907595 -5.153890153773023
3.295524264401287 1.0109763435757655 -0.4885226095620876
-2.7501299295004378 3.0446118232487382 2.2784883046742705
-2.285745272824582 0.06959480568671239 -4.519792474567007
2.510477757492434 -0.08497624317855301 3.5274971566481077
2.9920667088576387 -0.5033162301462095 0.7829722235538146
-3.8663068634323494 4.890380045900757 0.704232393775939
0.5910863499079593 2.063557858192312 -1.5817163816351738
-2.285155617188118 3.2545304471122947 4.50420000837039
4.672603427729353 2.034002794654044 2.6787923838889878
-3.2499606822666594 4.605285969440644 -0.06937022739385795
2.0921213840969273 -0.5819818399957368 4.346422370235641
-4.06264862756228 -4.631593392324376 -0.3855766912831815
4.746702549684533 -1.7360914345172542 0.9866793874085397
-1.4662271896458599 0.4627925040917038 -5.339528983794128
-0.3238957039862065 4.204601921385835 0.9285196091689483
3.4398375802806918 -2.5163568882464404 1.4295320946237087
-3.590616876617413 0.02427325738783015 2.6037529074997807
2.514647524417242 0.44362949810662133 3.1793006940108537
-0.05075076828464642 3.3499732933712227 0.2977894520528637
1.2535427353806838 2.531792329281024 -4.673116647613101
3.0684339750098353 0.45847863784608656 0.3932690876388562
0.19995374529713672 -0.4456547552307244 1.0753447163207028
4.64730899316824 4.673955905022774 0.23005364043572232
3.1900891707281627 -0.22966105293963857 -0.28322799073035193
-4.430554997095193 4.321009022060963 -2.1984868236406108
4.745495646015378 3.17797942654291 5.992742769193035
2.904365537129178 -1.3653677542313147 0.28763147273141126
-0.8210272937764893 -1.7390981881925183 0.735542605626287
-4.259497008021648 -2.4848984095399373 -4.27300861330301
0.6860816250024264 0.8318822557267094 2.559960236333702
0.0371356974734649 -2.60232991909773 -0.19115012584020324
-4.932755846078647 1.266827771208857 1.7524264699761583
-0.576797690580575 4.595225131558422 0.38249007039885496
0.7154789889234419 -0.8328833587275302 2.6478405780094154
-0.8848481223455051 1.0957891036580474 -2.1234123421023816
4.468938477086521 4.995763772943292 -1.6281159748454963
-3.687441745560599 4.257287989564457 -1.369147863133166
1.2825396617674656 0.22287026116245112 5.610170653402947
-2.4161038997443463 -3.3153781792923356 3.9210423064666764
-4.7078021435731054 0.9652392371358323 3.4152852448151494
-2.3441184089272826 0.7497699987901427 -3.1422264511505946
-4.914177222740825 -1.686289154535494 -0.677388442646694
2.4807743831893214 -3.0157478866023535 -3.6534565840171274
-0.7185885164534032 4.1018328324629785 2.264590659202222
4.859471295233924 0.7534439979963867 -4.328773406352649
1.125272380302592 -0.932399197200513 3.226436178281879
-1.0165377019310098 -3.172547124046435 5.099301217937705
