-5.000000000000000 -5.000000000000000 1.996805111821086
-5.000000000000000 -4.600000000000000 1.996174121804448
-5.000000000000000 -4.200000000000000 1.995199169033666
-5.000000000000000 -3.800000000000000 1.993629596064500
-5.000000000000000 -3.400000000000000 1.990974989537810
-5.000000000000000 -3.000000000000000 1.986207433959323
-5.000000000000000 -2.600000000000000 1.976988179154564
-5.000000000000000 -2.200000000000000 1.957461903480306
-5.000000000000000 -1.800000000000000 1.911427882935314
-5.000000000000000 -1.400000000000000 1.791859264436650
-5.000000000000000 -1.000000000000000 1.498402555910543
-5.000000000000000 -0.600000000000000 1.113133434097512
-5.000000000000000 -0.199999999999999 1.000000000000000
-5.000000000000000 0.199999999999999 1.000000000000000
-5.000000000000000 0.600000000000000 1.113133434097512
-5.000000000000000 1.000000000000000 1.498402555910543
-5.000000000000000 1.400000000000000 1.791859264436650
-5.000000000000000 1.800000000000000 1.911427882935314
-5.000000000000000 2.200000000000000 1.957461903480306
-5.000000000000000 2.600000000000000 1.976988179154564
-5.000000000000000 3.000000000000000 1.986207433959323
-5.000000000000000 3.400000000000000 1.990974989537810
-5.000000000000000 3.800000000000000 1.993629596064500
-5.000000000000000 4.200000000000000 1.995199169033666
-5.000000000000000 4.600000000000000 1.996174121804448
-5.000000000000000 5.000000000000000 1.996805111821086
-4.600000000000000 -5.000000000000000 1.996174121804448
-4.600000000000000 -4.600000000000000 1.995543131787811
-4.600000000000000 -4.200000000000000 1.994568179017028
-4.600000000000000 -3.800000000000000 1.992998606047862
-4.600000000000000 -3.400000000000000 1.990343999521172
-4.600000000000000 -3.000000000000000 1.985576443942686
-4.600000000000000 -2.600000000000000 1.976357189137926
-4.600000000000000 -2.200000000000000 1.956830913463668
-4.600000000000000 -1.800000000000000 1.910796892918676
-4.600000000000000 -1.400000000000000 1.791228274420012
-4.600000000000000 -1.000000000000000 1.497771565893905
-4.600000000000000 -0.600000000000000 1.112502444080874
-4.600000000000000 -0.199999999999999 0.999369009983362
-4.600000000000000 0.199999999999999 0.999369009983362
-4.600000000000000 0.600000000000000 1.112502444080874
-4.600000000000000 1.000000000000000 1.497771565893905
-4.600000000000000 1.400000000000000 1.791228274420012
-4.600000000000000 1.800000000000000 1.910796892918676
-4.600000000000000 2.200000000000000 1.956830913463668
-4.600000000000000 2.600000000000000 1.976357189137926
-4.600000000000000 3.000000000000000 1.985576443942686
-4.600000000000000 3.400000000000000 1.990343999521172
-4.600000000000000 3.800000000000000 1.992998606047862
-4.600000000000000 4.200000000000000 1.994568179017028
-4.600000000000000 4.600000000000000 1.995543131787811
-4.600000000000000 5.000000000000000 1.996174121804448
-4.200000000000000 -5.000000000000000 1.995199169033666
-4.200000000000000 -4.600000000000000 1.994568179017028
-4.200000000000000 -4.200000000000000 1.993593226246246
-4.200000000000000 -3.800000000000000 1.992023653277080
-4.200000000000000 -3.400000000000000 1.989369046750390
-4.200000000000000 -3.000000000000000 1.984601491171903
-4.200000000000000 -2.600000000000000 1.975382236367144
-4.200000000000000 -2.200000000000000 1.955855960692886
-4.200000000000000 -1.800000000000000 1.909821940147893
-4.200000000000000 -1.400000000000000 1.790253321649230
-4.200000000000000 -1.000000000000000 1.496796613123123
-4.200000000000000 -0.600000000000000 1.111527491310091
-4.200000000000000 -0.199999999999999 0.998394057212580
-4.200000000000000 0.199999999999999 0.998394057212580
-4.200000000000000 0.600000000000000 1.111527491310091
-4.200000000000000 1.000000000000000 1.496796613123123
-4.200000000000000 1.400000000000000 1.790253321649230
-4.200000000000000 1.800000000000000 1.909821940147893
-4.200000000000000 2.200000000000000 1.955855960692886
-4.200000000000000 2.600000000000000 1.975382236367144
-4.200000000000000 3.000000000000000 1.984601491171903
-4.200000000000000 3.400000000000000 1.989369046750390
-4.200000000000000 3.800000000000000 1.992023653277080
-4.200000000000000 4.200000000000000 1.993593226246246
-4.200000000000000 4.600000000000000 1.994568179017028
-4.200000000000000 5.000000000000000 1.995199169033666
-3.800000000000000 -5.000000000000000 1.993629596064500
-3.800000000000000 -4.600000000000000 1.992998606047862
-3.800000000000000 -4.200000000000000 1.992023653277080
-3.800000000000000 -3.800000000000000 1.990454080307913
-3.800000000000000 -3.400000000000000 1.987799473781223
-3.800000000000000 -3.000000000000000 1.983031918202737
-3.800000000000000 -2.600000000000000 1.973812663397978
-3.800000000000000 -2.200000000000000 1.954286387723720
-3.800000000000000 -1.800000000000000 1.908252367178727
-3.800000000000000 -1.400000000000000 1.788683748680064
-3.800000000000000 -1.000000000000000 1.495227040153957
-3.800000000000000 -0.600000000000000 1.109957918340925
-3.800000000000000 -0.199999999999999 0.996824484243414
-3.800000000000000 0.199999999999999 0.996824484243414
-3.800000000000000 0.600000000000000 1.109957918340925
-3.800000000000000 1.000000000000000 1.495227040153957
-3.800000000000000 1.400000000000000 1.788683748680064
-3.800000000000000 1.800000000000000 1.908252367178727
-3.800000000000000 2.200000000000000 1.954286387723720
-3.800000000000000 2.600000000000000 1.973812663397978
-3.800000000000000 3.000000000000000 1.983031918202737
-3.800000000000000 3.400000000000000 1.987799473781223
-3.800000000000000 3.800000000000000 1.990454080307913
-3.800000000000000 4.200000000000000 1.992023653277080
-3.800000000000000 4.600000000000000 1.992998606047862
-3.800000000000000 5.000000000000000 1.993629596064500
-3.400000000000000 -5.000000000000000 1.990974989537810
-3.400000000000000 -4.600000000000000 1.990343999521172
-3.400000000000000 -4.200000000000000 1.989369046750390
-3.400000000000000 -3.800000000000000 1.987799473781223
-3.400000000000000 -3.400000000000000 1.985144867254534
-3.400000000000000 -3.000000000000000 1.980377311676047
-3.400000000000000 -2.600000000000000 1.971158056871288
-3.400000000000000 -2.200000000000000 1.951631781197030
-3.400000000000000 -1.800000000000000 1.905597760652037
-3.400000000000000 -1.400000000000000 1.786029142153374
-3.400000000000000 -1.000000000000000 1.492572433627267
-3.400000000000000 -0.600000000000000 1.107303311814235
-3.400000000000000 -0.199999999999999 0.994169877716724
-3.400000000000000 0.199999999999999 0.994169877716724
-3.400000000000000 0.600000000000000 1.107303311814235
-3.400000000000000 1.000000000000000 1.492572433627267
-3.400000000000000 1.400000000000000 1.786029142153374
-3.400000000000000 1.800000000000000 1.905597760652037
-3.400000000000000 2.200000000000000 1.951631781197030
-3.400000000000000 2.600000000000000 1.971158056871288
-3.400000000000000 3.000000000000000 1.980377311676047
-3.400000000000000 3.400000000000000 1.985144867254534
-3.400000000000000 3.800000000000000 1.987799473781223
-3.400000000000000 4.200000000000000 1.989369046750390
-3.400000000000000 4.600000000000000 1.990343999521172
-3.400000000000000 5.000000000000000 1.990974989537810
-3.000000000000000 -5.000000000000000 1.986207433959323
-3.000000000000000 -4.600000000000000 1.985576443942686
-3.000000000000000 -4.200000000000000 1.984601491171903
-3.000000000000000 -3.800000000000000 1.983031918202737
-3.000000000000000 -3.400000000000000 1.980377311676047
-3.000000000000000 -3.000000000000000 1.975609756097561
-3.000000000000000 -2.600000000000000 1.966390501292802
-3.000000000000000 -2.200000000000000 1.946864225618543
-3.000000000000000 -1.800000000000000 1.900830205073551
-3.000000000000000 -1.400000000000000 1.781261586574888
-3.000000000000000 -1.000000000000000 1.487804878048780
-3.000000000000000 -0.600000000000000 1.102535756235749
-3.000000000000000 -0.199999999999999 0.989402322138237
-3.000000000000000 0.199999999999999 0.989402322138237
-3.000000000000000 0.600000000000000 1.102535756235749
-3.000000000000000 1.000000000000000 1.487804878048780
-3.000000000000000 1.400000000000000 1.781261586574888
-3.000000000000000 1.800000000000000 1.900830205073551
-3.000000000000000 2.200000000000000 1.946864225618543
-3.000000000000000 2.600000000000000 1.966390501292802
-3.000000000000000 3.000000000000000 1.975609756097561
-3.000000000000000 3.400000000000000 1.980377311676047
-3.000000000000000 3.800000000000000 1.983031918202737
-3.000000000000000 4.200000000000000 1.984601491171903
-3.000000000000000 4.600000000000000 1.985576443942686
-3.000000000000000 5.000000000000000 1.986207433959323
-2.600000000000000 -5.000000000000000 1.976988179154564
-2.600000000000000 -4.600000000000000 1.976357189137926
-2.600000000000000 -4.200000000000000 1.975382236367144
-2.600000000000000 -3.800000000000000 1.973812663397978
-2.600000000000000 -3.400000000000000 1.971158056871288
-2.600000000000000 -3.000000000000000 1.966390501292802
-2.600000000000000 -2.600000000000000 1.957171246488042
-2.600000000000000 -2.200000000000000 1.937644970813784
-2.600000000000000 -1.800000000000000 1.891610950268791
-2.600000000000000 -1.400000000000000 1.772042331770128
-2.600000000000000 -1.000000000000000 1.478585623244021
-2.600000000000000 -0.600000000000000 1.093316501430990
-2.600000000000000 -0.199999999999999 0.980183067333478
-2.600000000000000 0.199999999999999 0.980183067333478
-2.600000000000000 0.600000000000000 1.093316501430990
-2.600000000000000 1.000000000000000 1.478585623244021
-2.600000000000000 1.400000000000000 1.772042331770128
-2.600000000000000 1.800000000000000 1.891610950268791
-2.600000000000000 2.200000000000000 1.937644970813784
-2.600000000000000 2.600000000000000 1.957171246488042
-2.600000000000000 3.000000000000000 1.966390501292802
-2.600000000000000 3.400000000000000 1.971158056871288
-2.600000000000000 3.800000000000000 1.973812663397978
-2.600000000000000 4.200000000000000 1.975382236367144
-2.600000000000000 4.600000000000000 1.976357189137926
-2.600000000000000 5.000000000000000 1.976988179154564
-2.200000000000000 -5.000000000000000 1.957461903480306
-2.200000000000000 -4.600000000000000 1.956830913463668
-2.200000000000000 -4.200000000000000 1.955855960692886
-2.200000000000000 -3.800000000000000 1.954286387723720
-2.200000000000000 -3.400000000000000 1.951631781197030
-2.200000000000000 -3.000000000000000 1.946864225618543
-2.200000000000000 -2.600000000000000 1.937644970813784
-2.200000000000000 -2.200000000000000 1.918118695139526
-2.200000000000000 -1.800000000000000 1.872084674594533
-2.200000000000000 -1.400000000000000 1.752516056095870
-2.200000000000000 -1.000000000000000 1.459059347569763
-2.200000000000000 -0.600000000000000 1.073790225756731
-2.200000000000000 -0.199999999999999 0.960656791659220
-2.200000000000000 0.199999999999999 0.960656791659220
-2.200000000000000 0.600000000000000 1.073790225756731
-2.200000000000000 1.000000000000000 1.459059347569763
-2.200000000000000 1.400000000000000 1.752516056095870
-2.200000000000000 1.800000000000000 1.872084674594533
-2.200000000000000 2.200000000000000 1.918118695139526
-2.200000000000000 2.600000000000000 1.937644970813784
-2.200000000000000 3.000000000000000 1.946864225618543
-2.200000000000000 3.400000000000000 1.951631781197030
-2.200000000000000 3.800000000000000 1.954286387723720
-2.200000000000000 4.200000000000000 1.955855960692886
-2.200000000000000 4.600000000000000 1.956830913463668
-2.200000000000000 5.000000000000000 1.957461903480306
-1.800000000000000 -5.000000000000000 1.911427882935314
-1.800000000000000 -4.600000000000000 1.910796892918676
-1.800000000000000 -4.200000000000000 1.909821940147893
-1.800000000000000 -3.800000000000000 1.908252367178727
-1.800000000000000 -3.400000000000000 1.905597760652037
-1.800000000000000 -3.000000000000000 1.900830205073551
-1.800000000000000 -2.600000000000000 1.891610950268791
-1.800000000000000 -2.200000000000000 1.872084674594533
-1.800000000000000 -1.800000000000000 1.826050654049541
-1.800000000000000 -1.400000000000000 1.706482035550877
-1.800000000000000 -1.000000000000000 1.413025327024770
-1.800000000000000 -0.600000000000000 1.027756205211739
-1.800000000000000 -0.199999999999999 0.914622771114227
-1.800000000000000 0.199999999999999 0.914622771114227
-1.800000000000000 0.600000000000000 1.027756205211739
-1.800000000000000 1.000000000000000 1.413025327024770
-1.800000000000000 1.400000000000000 1.706482035550877
-1.800000000000000 1.800000000000000 1.826050654049541
-1.800000000000000 2.200000000000000 1.872084674594533
-1.800000000000000 2.600000000000000 1.891610950268791
-1.800000000000000 3.000000000000000 1.900830205073551
-1.800000000000000 3.400000000000000 1.905597760652037
-1.800000000000000 3.800000000000000 1.908252367178727
-1.800000000000000 4.200000000000000 1.909821940147893
-1.800000000000000 4.600000000000000 1.910796892918676
-1.800000000000000 5.000000000000000 1.911427882935314
-1.400000000000000 -5.000000000000000 1.791859264436650
-1.400000000000000 -4.600000000000000 1.791228274420012
-1.400000000000000 -4.200000000000000 1.790253321649230
-1.400000000000000 -3.800000000000000 1.788683748680064
-1.400000000000000 -3.400000000000000 1.786029142153374
-1.400000000000000 -3.000000000000000 1.781261586574888
-1.400000000000000 -2.600000000000000 1.772042331770128
-1.400000000000000 -2.200000000000000 1.752516056095870
-1.400000000000000 -1.800000000000000 1.706482035550877
-1.400000000000000 -1.400000000000000 1.586913417052214
-1.400000000000000 -1.000000000000000 1.293456708526107
-1.400000000000000 -0.600000000000000 0.908187586713076
-1.400000000000000 -0.199999999999999 0.795054152615564
-1.400000000000000 0.199999999999999 0.795054152615564
-1.400000000000000 0.600000000000000 0.908187586713076
-1.400000000000000 1.000000000000000 1.293456708526107
-1.400000000000000 1.400000000000000 1.586913417052214
-1.400000000000000 1.800000000000000 1.706482035550877
-1.400000000000000 2.200000000000000 1.752516056095870
-1.400000000000000 2.600000000000000 1.772042331770128
-1.400000000000000 3.000000000000000 1.781261586574888
-1.400000000000000 3.400000000000000 1.786029142153374
-1.400000000000000 3.800000000000000 1.788683748680064
-1.400000000000000 4.200000000000000 1.790253321649230
-1.400000000000000 4.600000000000000 1.791228274420012
-1.400000000000000 5.000000000000000 1.791859264436650
-1.000000000000000 -5.000000000000000 1.498402555910543
-1.000000000000000 -4.600000000000000 1.497771565893905
-1.000000000000000 -4.200000000000000 1.496796613123123
-1.000000000000000 -3.800000000000000 1.495227040153957
-1.000000000000000 -3.400000000000000 1.492572433627267
-1.000000000000000 -3.000000000000000 1.487804878048780
-1.000000000000000 -2.600000000000000 1.478585623244021
-1.000000000000000 -2.200000000000000 1.459059347569763
-1.000000000000000 -1.800000000000000 1.413025327024770
-1.000000000000000 -1.400000000000000 1.293456708526107
-1.000000000000000 -1.000000000000000 1.000000000000000
-1.000000000000000 -0.600000000000000 0.614730878186969
-1.000000000000000 -0.199999999999999 0.501597444089457
-1.000000000000000 0.199999999999999 0.501597444089457
-1.000000000000000 0.600000000000000 0.614730878186969
-1.000000000000000 1.000000000000000 1.000000000000000
-1.000000000000000 1.400000000000000 1.293456708526107
-1.000000000000000 1.800000000000000 1.413025327024770
-1.000000000000000 2.200000000000000 1.459059347569763
-1.000000000000000 2.600000000000000 1.478585623244021
-1.000000000000000 3.000000000000000 1.487804878048780
-1.000000000000000 3.400000000000000 1.492572433627267
-1.000000000000000 3.800000000000000 1.495227040153957
-1.000000000000000 4.200000000000000 1.496796613123123
-1.000000000000000 4.600000000000000 1.497771565893905
-1.000000000000000 5.000000000000000 1.498402555910543
-0.600000000000000 -5.000000000000000 1.113133434097512
-0.600000000000000 -4.600000000000000 1.112502444080874
-0.600000000000000 -4.200000000000000 1.111527491310091
-0.600000000000000 -3.800000000000000 1.109957918340925
-0.600000000000000 -3.400000000000000 1.107303311814235
-0.600000000000000 -3.000000000000000 1.102535756235749
-0.600000000000000 -2.600000000000000 1.093316501430990
-0.600000000000000 -2.200000000000000 1.073790225756731
-0.600000000000000 -1.800000000000000 1.027756205211739
-0.600000000000000 -1.400000000000000 0.908187586713076
-0.600000000000000 -1.000000000000000 0.614730878186969
-0.600000000000000 -0.600000000000000 0.229461756373937
-0.600000000000000 -0.199999999999999 0.116328322276425
-0.600000000000000 0.199999999999999 0.116328322276425
-0.600000000000000 0.600000000000000 0.229461756373937
-0.600000000000000 1.000000000000000 0.614730878186969
-0.600000000000000 1.400000000000000 0.908187586713076
-0.600000000000000 1.800000000000000 1.027756205211739
-0.600000000000000 2.200000000000000 1.073790225756731
-0.600000000000000 2.600000000000000 1.093316501430990
-0.600000000000000 3.000000000000000 1.102535756235749
-0.600000000000000 3.400000000000000 1.107303311814235
-0.600000000000000 3.800000000000000 1.109957918340925
-0.600000000000000 4.200000000000000 1.111527491310091
-0.600000000000000 4.600000000000000 1.112502444080874
-0.600000000000000 5.000000000000000 1.113133434097512
-0.199999999999999 -5.000000000000000 1.000000000000000
-0.199999999999999 -4.600000000000000 0.999369009983362
-0.199999999999999 -4.200000000000000 0.998394057212580
-0.199999999999999 -3.800000000000000 0.996824484243414
-0.199999999999999 -3.400000000000000 0.994169877716724
-0.199999999999999 -3.000000000000000 0.989402322138237
-0.199999999999999 -2.600000000000000 0.980183067333478
-0.199999999999999 -2.200000000000000 0.960656791659220
-0.199999999999999 -1.800000000000000 0.914622771114227
-0.199999999999999 -1.400000000000000 0.795054152615564
-0.199999999999999 -1.000000000000000 0.501597444089457
-0.199999999999999 -0.600000000000000 0.116328322276425
-0.199999999999999 -0.199999999999999 0.003194888178914
-0.199999999999999 0.199999999999999 0.003194888178914
-0.199999999999999 0.600000000000000 0.116328322276425
-0.199999999999999 1.000000000000000 0.501597444089457
-0.199999999999999 1.400000000000000 0.795054152615564
-0.199999999999999 1.800000000000000 0.914622771114227
-0.199999999999999 2.200000000000000 0.960656791659220
-0.199999999999999 2.600000000000000 0.980183067333478
-0.199999999999999 3.000000000000000 0.989402322138237
-0.199999999999999 3.400000000000000 0.994169877716724
-0.199999999999999 3.800000000000000 0.996824484243414
-0.199999999999999 4.200000000000000 0.998394057212580
-0.199999999999999 4.600000000000000 0.999369009983362
-0.199999999999999 5.000000000000000 1.000000000000000
0.199999999999999 -5.000000000000000 1.000000000000000
0.199999999999999 -4.600000000000000 0.999369009983362
0.199999999999999 -4.200000000000000 0.998394057212580
0.199999999999999 -3.800000000000000 0.996824484243414
0.199999999999999 -3.400000000000000 0.994169877716724
0.199999999999999 -3.000000000000000 0.989402322138237
0.199999999999999 -2.600000000000000 0.980183067333478
0.199999999999999 -2.200000000000000 0.960656791659220
0.199999999999999 -1.800000000000000 0.914622771114227
0.199999999999999 -1.400000000000000 0.795054152615564
0.199999999999999 -1.000000000000000 0.501597444089457
0.199999999999999 -0.600000000000000 0.116328322276425
0.199999999999999 -0.199999999999999 0.003194888178914
0.199999999999999 0.199999999999999 0.003194888178914
0.199999999999999 0.600000000000000 0.116328322276425
0.199999999999999 1.000000000000000 0.501597444089457
0.199999999999999 1.400000000000000 0.795054152615564
0.199999999999999 1.800000000000000 0.914622771114227
0.199999999999999 2.200000000000000 0.960656791659220
0.199999999999999 2.600000000000000 0.980183067333478
0.199999999999999 3.000000000000000 0.989402322138237
0.199999999999999 3.400000000000000 0.994169877716724
0.199999999999999 3.800000000000000 0.996824484243414
0.199999999999999 4.200000000000000 0.998394057212580
0.199999999999999 4.600000000000000 0.999369009983362
0.199999999999999 5.000000000000000 1.000000000000000
0.600000000000000 -5.000000000000000 1.113133434097512
0.600000000000000 -4.600000000000000 1.112502444080874
0.600000000000000 -4.200000000000000 1.111527491310091
0.600000000000000 -3.800000000000000 1.109957918340925
0.600000000000000 -3.400000000000000 1.107303311814235
0.600000000000000 -3.000000000000000 1.102535756235749
0.600000000000000 -2.600000000000000 1.093316501430990
0.600000000000000 -2.200000000000000 1.073790225756731
0.600000000000000 -1.800000000000000 1.027756205211739
0.600000000000000 -1.400000000000000 0.908187586713076
0.600000000000000 -1.000000000000000 0.614730878186969
0.600000000000000 -0.600000000000000 0.229461756373937
0.600000000000000 -0.199999999999999 0.116328322276425
0.600000000000000 0.199999999999999 0.116328322276425
0.600000000000000 0.600000000000000 0.229461756373937
0.600000000000000 1.000000000000000 0.614730878186969
0.600000000000000 1.400000000000000 0.908187586713076
0.600000000000000 1.800000000000000 1.027756205211739
0.600000000000000 2.200000000000000 1.073790225756731
0.600000000000000 2.600000000000000 1.093316501430990
0.600000000000000 3.000000000000000 1.102535756235749
0.600000000000000 3.400000000000000 1.107303311814235
0.600000000000000 3.800000000000000 1.109957918340925
0.600000000000000 4.200000000000000 1.111527491310091
0.600000000000000 4.600000000000000 1.112502444080874
0.600000000000000 5.000000000000000 1.113133434097512
1.000000000000000 -5.000000000000000 1.498402555910543
1.000000000000000 -4.600000000000000 1.497771565893905
1.000000000000000 -4.200000000000000 1.496796613123123
1.000000000000000 -3.800000000000000 1.495227040153957
1.000000000000000 -3.400000000000000 1.492572433627267
1.000000000000000 -3.000000000000000 1.487804878048780
1.000000000000000 -2.600000000000000 1.478585623244021
1.000000000000000 -2.200000000000000 1.459059347569763
1.000000000000000 -1.800000000000000 1.413025327024770
1.000000000000000 -1.400000000000000 1.293456708526107
1.000000000000000 -1.000000000000000 1.000000000000000
1.000000000000000 -0.600000000000000 0.614730878186969
1.000000000000000 -0.199999999999999 0.501597444089457
1.000000000000000 0.199999999999999 0.501597444089457
1.000000000000000 0.600000000000000 0.614730878186969
1.000000000000000 1.000000000000000 1.000000000000000
1.000000000000000 1.400000000000000 1.293456708526107
1.000000000000000 1.800000000000000 1.413025327024770
1.000000000000000 2.200000000000000 1.459059347569763
1.000000000000000 2.600000000000000 1.478585623244021
1.000000000000000 3.000000000000000 1.487804878048780
1.000000000000000 3.400000000000000 1.492572433627267
1.000000000000000 3.800000000000000 1.495227040153957
1.000000000000000 4.200000000000000 1.496796613123123
1.000000000000000 4.600000000000000 1.497771565893905
1.000000000000000 5.000000000000000 1.498402555910543
1.400000000000000 -5.000000000000000 1.791859264436650
1.400000000000000 -4.600000000000000 1.791228274420012
1.400000000000000 -4.200000000000000 1.790253321649230
1.400000000000000 -3.800000000000000 1.788683748680064
1.400000000000000 -3.400000000000000 1.786029142153374
1.400000000000000 -3.000000000000000 1.781261586574888
1.400000000000000 -2.600000000000000 1.772042331770128
1.400000000000000 -2.200000000000000 1.752516056095870
1.400000000000000 -1.800000000000000 1.706482035550877
1.400000000000000 -1.400000000000000 1.586913417052214
1.400000000000000 -1.000000000000000 1.293456708526107
1.400000000000000 -0.600000000000000 0.908187586713076
1.400000000000000 -0.199999999999999 0.795054152615564
1.400000000000000 0.199999999999999 0.795054152615564
1.400000000000000 0.600000000000000 0.908187586713076
1.400000000000000 1.000000000000000 1.293456708526107
1.400000000000000 1.400000000000000 1.586913417052214
1.400000000000000 1.800000000000000 1.706482035550877
1.400000000000000 2.200000000000000 1.752516056095870
1.400000000000000 2.600000000000000 1.772042331770128
1.400000000000000 3.000000000000000 1.781261586574888
1.400000000000000 3.400000000000000 1.786029142153374
1.400000000000000 3.800000000000000 1.788683748680064
1.400000000000000 4.200000000000000 1.790253321649230
1.400000000000000 4.600000000000000 1.791228274420012
1.400000000000000 5.000000000000000 1.791859264436650
1.800000000000000 -5.000000000000000 1.911427882935314
1.800000000000000 -4.600000000000000 1.910796892918676
1.800000000000000 -4.200000000000000 1.909821940147893
1.800000000000000 -3.800000000000000 1.908252367178727
1.800000000000000 -3.400000000000000 1.905597760652037
1.800000000000000 -3.000000000000000 1.900830205073551
1.800000000000000 -2.600000000000000 1.891610950268791
1.800000000000000 -2.200000000000000 1.872084674594533
1.800000000000000 -1.800000000000000 1.826050654049541
1.800000000000000 -1.400000000000000 1.706482035550877
1.800000000000000 -1.000000000000000 1.413025327024770
1.800000000000000 -0.600000000000000 1.027756205211739
1.800000000000000 -0.199999999999999 0.914622771114227
1.800000000000000 0.199999999999999 0.914622771114227
1.800000000000000 0.600000000000000 1.027756205211739
1.800000000000000 1.000000000000000 1.413025327024770
1.800000000000000 1.400000000000000 1.706482035550877
1.800000000000000 1.800000000000000 1.826050654049541
1.800000000000000 2.200000000000000 1.872084674594533
1.800000000000000 2.600000000000000 1.891610950268791
1.800000000000000 3.000000000000000 1.900830205073551
1.800000000000000 3.400000000000000 1.905597760652037
1.800000000000000 3.800000000000000 1.908252367178727
1.800000000000000 4.200000000000000 1.909821940147893
1.800000000000000 4.600000000000000 1.910796892918676
1.800000000000000 5.000000000000000 1.911427882935314
2.200000000000000 -5.000000000000000 1.957461903480306
2.200000000000000 -4.600000000000000 1.956830913463668
2.200000000000000 -4.200000000000000 1.955855960692886
2.200000000000000 -3.800000000000000 1.954286387723720
2.200000000000000 -3.400000000000000 1.951631781197030
2.200000000000000 -3.000000000000000 1.946864225618543
2.200000000000000 -2.600000000000000 1.937644970813784
2.200000000000000 -2.200000000000000 1.918118695139526
2.200000000000000 -1.800000000000000 1.872084674594533
2.200000000000000 -1.400000000000000 1.752516056095870
2.200000000000000 -1.000000000000000 1.459059347569763
2.200000000000000 -0.600000000000000 1.073790225756731
2.200000000000000 -0.199999999999999 0.960656791659220
2.200000000000000 0.199999999999999 0.960656791659220
2.200000000000000 0.600000000000000 1.073790225756731
2.200000000000000 1.000000000000000 1.459059347569763
2.200000000000000 1.400000000000000 1.752516056095870
2.200000000000000 1.800000000000000 1.872084674594533
2.200000000000000 2.200000000000000 1.918118695139526
2.200000000000000 2.600000000000000 1.937644970813784
2.200000000000000 3.000000000000000 1.946864225618543
2.200000000000000 3.400000000000000 1.951631781197030
2.200000000000000 3.800000000000000 1.954286387723720
2.200000000000000 4.200000000000000 1.955855960692886
2.200000000000000 4.600000000000000 1.956830913463668
2.200000000000000 5.000000000000000 1.957461903480306
2.600000000000000 -5.000000000000000 1.976988179154564
2.600000000000000 -4.600000000000000 1.976357189137926
2.600000000000000 -4.200000000000000 1.975382236367144
2.600000000000000 -3.800000000000000 1.973812663397978
2.600000000000000 -3.400000000000000 1.971158056871288
2.600000000000000 -3.000000000000000 1.966390501292802
2.600000000000000 -2.600000000000000 1.957171246488042
2.600000000000000 -2.200000000000000 1.937644970813784
2.600000000000000 -1.800000000000000 1.891610950268791
2.600000000000000 -1.400000000000000 1.772042331770128
2.600000000000000 -1.000000000000000 1.478585623244021
2.600000000000000 -0.600000000000000 1.093316501430990
2.600000000000000 -0.199999999999999 0.980183067333478
2.600000000000000 0.199999999999999 0.980183067333478
2.600000000000000 0.600000000000000 1.093316501430990
2.600000000000000 1.000000000000000 1.478585623244021
2.600000000000000 1.400000000000000 1.772042331770128
2.600000000000000 1.800000000000000 1.891610950268791
2.600000000000000 2.200000000000000 1.937644970813784
2.600000000000000 2.600000000000000 1.957171246488042
2.600000000000000 3.000000000000000 1.966390501292802
2.600000000000000 3.400000000000000 1.971158056871288
2.600000000000000 3.800000000000000 1.973812663397978
2.600000000000000 4.200000000000000 1.975382236367144
2.600000000000000 4.600000000000000 1.976357189137926
2.600000000000000 5.000000000000000 1.976988179154564
3.000000000000000 -5.000000000000000 1.986207433959323
3.000000000000000 -4.600000000000000 1.985576443942686
3.000000000000000 -4.200000000000000 1.984601491171903
3.000000000000000 -3.800000000000000 1.983031918202737
3.000000000000000 -3.400000000000000 1.980377311676047
3.000000000000000 -3.000000000000000 1.975609756097561
3.000000000000000 -2.600000000000000 1.966390501292802
3.000000000000000 -2.200000000000000 1.946864225618543
3.000000000000000 -1.800000000000000 1.900830205073551
3.000000000000000 -1.400000000000000 1.781261586574888
3.000000000000000 -1.000000000000000 1.487804878048780
3.000000000000000 -0.600000000000000 1.102535756235749
3.000000000000000 -0.199999999999999 0.989402322138237
3.000000000000000 0.199999999999999 0.989402322138237
3.000000000000000 0.600000000000000 1.102535756235749
3.000000000000000 1.000000000000000 1.487804878048780
3.000000000000000 1.400000000000000 1.781261586574888
3.000000000000000 1.800000000000000 1.900830205073551
3.000000000000000 2.200000000000000 1.946864225618543
3.000000000000000 2.600000000000000 1.966390501292802
3.000000000000000 3.000000000000000 1.975609756097561
3.000000000000000 3.400000000000000 1.980377311676047
3.000000000000000 3.800000000000000 1.983031918202737
3.000000000000000 4.200000000000000 1.984601491171903
3.000000000000000 4.600000000000000 1.985576443942686
3.000000000000000 5.000000000000000 1.986207433959323
3.400000000000000 -5.000000000000000 1.990974989537810
3.400000000000000 -4.600000000000000 1.990343999521172
3.400000000000000 -4.200000000000000 1.989369046750390
3.400000000000000 -3.800000000000000 1.987799473781223
3.400000000000000 -3.400000000000000 1.985144867254534
3.400000000000000 -3.000000000000000 1.980377311676047
3.400000000000000 -2.600000000000000 1.971158056871288
3.400000000000000 -2.200000000000000 1.951631781197030
3.400000000000000 -1.800000000000000 1.905597760652037
3.400000000000000 -1.400000000000000 1.786029142153374
3.400000000000000 -1.000000000000000 1.492572433627267
3.400000000000000 -0.600000000000000 1.107303311814235
3.400000000000000 -0.199999999999999 0.994169877716724
3.400000000000000 0.199999999999999 0.994169877716724
3.400000000000000 0.600000000000000 1.107303311814235
3.400000000000000 1.000000000000000 1.492572433627267
3.400000000000000 1.400000000000000 1.786029142153374
3.400000000000000 1.800000000000000 1.905597760652037
3.400000000000000 2.200000000000000 1.951631781197030
3.400000000000000 2.600000000000000 1.971158056871288
3.400000000000000 3.000000000000000 1.980377311676047
3.400000000000000 3.400000000000000 1.985144867254534
3.400000000000000 3.800000000000000 1.987799473781223
3.400000000000000 4.200000000000000 1.989369046750390
3.400000000000000 4.600000000000000 1.990343999521172
3.400000000000000 5.000000000000000 1.990974989537810
3.800000000000000 -5.000000000000000 1.993629596064500
3.800000000000000 -4.600000000000000 1.992998606047862
3.800000000000000 -4.200000000000000 1.992023653277080
3.800000000000000 -3.800000000000000 1.990454080307913
3.800000000000000 -3.400000000000000 1.987799473781223
3.800000000000000 -3.000000000000000 1.983031918202737
3.800000000000000 -2.600000000000000 1.973812663397978
3.800000000000000 -2.200000000000000 1.954286387723720
3.800000000000000 -1.800000000000000 1.908252367178727
3.800000000000000 -1.400000000000000 1.788683748680064
3.800000000000000 -1.000000000000000 1.495227040153957
3.800000000000000 -0.600000000000000 1.109957918340925
3.800000000000000 -0.199999999999999 0.996824484243414
3.800000000000000 0.199999999999999 0.996824484243414
3.800000000000000 0.600000000000000 1.109957918340925
3.800000000000000 1.000000000000000 1.495227040153957
3.800000000000000 1.400000000000000 1.788683748680064
3.800000000000000 1.800000000000000 1.908252367178727
3.800000000000000 2.200000000000000 1.954286387723720
3.800000000000000 2.600000000000000 1.973812663397978
3.800000000000000 3.000000000000000 1.983031918202737
3.800000000000000 3.400000000000000 1.987799473781223
3.800000000000000 3.800000000000000 1.990454080307913
3.800000000000000 4.200000000000000 1.992023653277080
3.800000000000000 4.600000000000000 1.992998606047862
3.800000000000000 5.000000000000000 1.993629596064500
4.200000000000000 -5.000000000000000 1.995199169033666
4.200000000000000 -4.600000000000000 1.994568179017028
4.200000000000000 -4.200000000000000 1.993593226246246
4.200000000000000 -3.800000000000000 1.992023653277080
4.200000000000000 -3.400000000000000 1.989369046750390
4.200000000000000 -3.000000000000000 1.984601491171903
4.200000000000000 -2.600000000000000 1.975382236367144
4.200000000000000 -2.200000000000000 1.955855960692886
4.200000000000000 -1.800000000000000 1.909821940147893
4.200000000000000 -1.400000000000000 1.790253321649230
4.200000000000000 -1.000000000000000 1.496796613123123
4.200000000000000 -0.600000000000000 1.111527491310091
4.200000000000000 -0.199999999999999 0.998394057212580
4.200000000000000 0.199999999999999 0.998394057212580
4.200000000000000 0.600000000000000 1.111527491310091
4.200000000000000 1.000000000000000 1.496796613123123
4.200000000000000 1.400000000000000 1.790253321649230
4.200000000000000 1.800000000000000 1.909821940147893
4.200000000000000 2.200000000000000 1.955855960692886
4.200000000000000 2.600000000000000 1.975382236367144
4.200000000000000 3.000000000000000 1.984601491171903
4.200000000000000 3.400000000000000 1.989369046750390
4.200000000000000 3.800000000000000 1.992023653277080
4.200000000000000 4.200000000000000 1.993593226246246
4.200000000000000 4.600000000000000 1.994568179017028
4.200000000000000 5.000000000000000 1.995199169033666
4.600000000000000 -5.000000000000000 1.996174121804448
4.600000000000000 -4.600000000000000 1.995543131787811
4.600000000000000 -4.200000000000000 1.994568179017028
4.600000000000000 -3.800000000000000 1.992998606047862
4.600000000000000 -3.400000000000000 1.990343999521172
4.600000000000000 -3.000000000000000 1.985576443942686
4.600000000000000 -2.600000000000000 1.976357189137926
4.600000000000000 -2.200000000000000 1.956830913463668
4.600000000000000 -1.800000000000000 1.910796892918676
4.600000000000000 -1.400000000000000 1.791228274420012
4.600000000000000 -1.000000000000000 1.497771565893905
4.600000000000000 -0.600000000000000 1.112502444080874
4.600000000000000 -0.199999999999999 0.999369009983362
4.600000000000000 0.199999999999999 0.999369009983362
4.600000000000000 0.600000000000000 1.112502444080874
4.600000000000000 1.000000000000000 1.497771565893905
4.600000000000000 1.400000000000000 1.791228274420012
4.600000000000000 1.800000000000000 1.910796892918676
4.600000000000000 2.200000000000000 1.956830913463668
4.600000000000000 2.600000000000000 1.976357189137926
4.600000000000000 3.000000000000000 1.985576443942686
4.600000000000000 3.400000000000000 1.990343999521172
4.600000000000000 3.800000000000000 1.992998606047862
4.600000000000000 4.200000000000000 1.994568179017028
4.600000000000000 4.600000000000000 1.995543131787811
4.600000000000000 5.000000000000000 1.996174121804448
5.000000000000000 -5.000000000000000 1.996805111821086
5.000000000000000 -4.600000000000000 1.996174121804448
5.000000000000000 -4.200000000000000 1.995199169033666
5.000000000000000 -3.800000000000000 1.993629596064500
5.000000000000000 -3.400000000000000 1.990974989537810
5.000000000000000 -3.000000000000000 1.986207433959323
5.000000000000000 -2.600000000000000 1.976988179154564
5.000000000000000 -2.200000000000000 1.957461903480306
5.000000000000000 -1.800000000000000 1.911427882935314
5.000000000000000 -1.400000000000000 1.791859264436650
5.000000000000000 -1.000000000000000 1.498402555910543
5.000000000000000 -0.600000000000000 1.113133434097512
5.000000000000000 -0.199999999999999 1.000000000000000
5.000000000000000 0.199999999999999 1.000000000000000
5.000000000000000 0.600000000000000 1.113133434097512
5.000000000000000 1.000000000000000 1.498402555910543
5.000000000000000 1.400000000000000 1.791859264436650
5.000000000000000 1.800000000000000 1.911427882935314
5.000000000000000 2.200000000000000 1.957461903480306
5.000000000000000 2.600000000000000 1.976988179154564
5.000000000000000 3.000000000000000 1.986207433959323
5.000000000000000 3.400000000000000 1.990974989537810
5.000000000000000 3.800000000000000 1.993629596064500
5.000000000000000 4.200000000000000 1.995199169033666
5.000000000000000 4.600000000000000 1.996174121804448
5.000000000000000 5.000000000000000 1.996805111821086
