0.984263499616178 -0.289155075980220 0.607461472441535 0.888790452738672 0.387106080948971 0.628508838528204 0.306022727621748 -0.783982969210410 0.853072481916979 0.095887209821341 0.792161415323792 
0.728328207186002 0.269704049825756 0.619076097174180 0.749757847960183 -0.239865188866384 -0.262334276966654 -0.919082969635006 0.515763948900374 -0.604000557266425 0.893238178132182 0.982763231032397 
0.892144477358470 -0.190791899984699 -0.307463550300354 -0.851676486306801 -0.204552340373146 0.279450914397065 0.805628703567227 0.598848672644919 -0.933729550326382 0.276388450870211 -0.660370527474513 
0.064043395159957 0.895597021250415 -0.824340745679400 -0.791863468383709 0.609762713346322 -0.375598165374536 0.755968540885262 0.809950506199495 0.169066845295446 0.971169604055536 0.789976355037121 
0.548244976673948 -0.630858594444554 -0.992306559462233 0.687732019528615 0.590320232863012 0.472037025566994 -0.192913753245041 0.610889234421372 -0.565912554871677 0.500695020113788 -0.924328138989647 
-0.383963015942048 -0.676607793128741 -0.293323136934856 0.815624271125043 -0.809318152982893 0.794376481650148 0.106555623272034 -0.657256686821779 -0.444220285840934 -0.123823461261541 -0.575325856287079 
0.024715869239095 0.242901432276027 0.714780377519308 0.324616202375109 0.009540569315023 -0.449806360441540 0.840230218983306 0.940063095136752 -0.139177528392419 -0.343370671563508 0.341249152774868 
0.197584685393554 0.862664859095996 -0.841063035452093 -0.369361793346884 0.784383288977814 -0.081969114618568 0.666318054468832 -0.538415933523105 0.685366794530177 -0.124337351145350 0.498470193539446 
0.805280020802724 0.213027627490856 0.403698222593314 0.328011648759422 0.595467135689289 -0.782743147056688 -0.829718268839092 -0.682291539936771 0.126004355860297 -0.216183582665473 -0.178011430527701 
-0.998038495255931 -0.384585283369161 -0.235838122667716 -0.297226408517713 0.320292837621938 0.154187351119517 -0.585569331471808 0.780910203497156 -0.707673055393370 -0.410382257406665 0.104657367984170 
-0.884297002134878 0.455568454637753 -0.559307304997336 -0.816438097180542 -0.704211329900275 -0.014975250035419 0.122316055971103 -0.444262376007867 0.835515954562771 0.579829990965529 -0.021188280485107 
-0.501829066970499 -0.486535030859094 0.893674846779989 -0.383253571916324 0.593290476584521 0.684375328557463 -0.003476905171393 0.252761494333895 -0.707749414945545 -0.859933918400757 -0.219491519882890 
0.647135887608395 -0.308131943579731 0.161206717050509 0.669253575267991 -0.241239898724376 -0.882899581198898 -0.378847829857261 -0.677668721021646 0.009398006970556 0.636818198736291 0.028533550641486 
0.385142196572634 0.059785641789071 0.290545630586589 -0.591691611253049 -0.921184327536966 -0.124103953912605 0.815679287073375 -0.454270472068540 0.687631137171856 -0.265208540534522 0.191019080556929 
-0.722790437918339 -0.879458457214096 0.102659422792721 0.385481268272650 -0.163105064437413 0.291825889440173 0.939357002424018 -0.441514108568093 0.724009576755095 -0.993207242097036 0.106311710256917 
0.223545640572447 -0.963906340423834 0.085189607945584 -0.133310673546537 0.455026991361571 -0.379894946275224 -0.953218451936550 0.912548248613588 0.691562134802998 -0.770088532033494 -0.522137219651802 
-0.325918243636318 0.037686869473925 -0.230665247275460 -0.652352413952793 -0.961266507201284 -0.903541420397938 -0.753187496392025 0.916511704047968 0.495500566345044 -0.258997329954163 1.074391475653204 
-0.077870149216070 -0.026157965448546 -0.243601892476529 -0.781330038336793 -0.754443563027657 0.482346677341264 -0.090038968567306 -0.722640923283725 0.231326800630759 0.582017473135543 -0.238298413545327 
-0.750816997321777 0.857134945488875 0.769486548915872 -0.118876071047961 0.911311560867596 0.914979612603867 -0.487398937738665 -0.599828382818937 0.061999473809309 0.171798226646407 0.242452055170667 
-0.766802522688114 0.310924382650076 0.511829828534472 -0.436500356034573 0.210690368812733 0.693035783854603 0.199889238942011 -0.474210789627161 -0.608101986428597 -0.001787215577852 -0.223242312899468 
-0.083905172472818 0.889551581058454 0.442303345121370 0.194345350167055 0.576469051962624 -0.961130551432557 0.666666632672249 -0.678566840084126 0.794317342938536 -0.053433970127019 -0.564456569386644 
-0.494465538751200 0.425892988133306 0.833165479659920 -0.855589229471207 -0.116671178209230 -0.580085297398924 0.447827262177098 0.164539288222399 -0.811285134653636 -0.222444638033278 -0.568601476551920 
-0.130759104619330 -0.321312664253685 0.073134258043306 0.469360191441193 0.367162320256191 0.448971478901629 -0.984415086565436 -0.464293555836108 -0.480719468460068 0.050469147940944 0.180964636113747 
0.245956021361861 0.151095507565290 0.478321081307687 0.253411278169115 -0.238812892154490 -0.093931994153370 0.066200073288277 -0.563357395149852 0.197348972950108 -0.125090046348143 0.189640526535842 
-0.774330285015935 0.947419990870605 -0.747809810782317 -0.060621518468161 -0.800711164828769 -0.396198113871132 0.596564462244394 -0.823108202011371 0.994411420240691 -0.658209242793272 -1.025413510249329 
-0.814013816410224 0.876185525614182 0.907564239217419 -0.411745734411380 -0.142602897615561 -0.437215872031715 0.468922021276413 0.135932568838936 0.663542593556394 0.218237295246220 -1.364441644132125 
0.442301998445870 -0.803118778877396 0.264403853360155 -0.474294072096860 0.977583432091119 -0.481917784025855 -0.929184034357815 0.218061129053768 -0.567742767615676 0.024206275713419 -0.721494551100080 
-0.103213995580410 -0.990140856104876 -0.926966758053376 -0.420818896103504 -0.829850703837023 0.568100300688253 -0.888146299777246 -0.904226577257368 -0.542214850496344 -0.175932417359251 0.063786511583235 
0.837139298290586 0.173856791489022 0.398236665042556 0.872175703441897 -0.727029157679363 -0.565116429150975 -0.969685288870658 0.690914332400308 0.218946385793882 -0.357542005971782 0.806463393092692 
-0.289004406559297 -0.162433050881145 0.967999524011287 0.028035392907776 -0.864365420409268 0.825768719262604 0.998905890525928 -0.796030930155420 0.358335223616292 -0.845343731408544 -1.418851172912575 
0.929799838743331 0.241960669878720 0.417693990827170 -0.520269467111275 -0.823904280736858 -0.057791150473552 0.328855328137554 -0.166898319558483 -0.629467987240281 -0.534820395715663 -0.124286217917308 
-0.246398466017623 -0.964187931123239 0.338720000797597 -0.259283791437347 0.541444079964121 0.301690927222539 -0.942600372495260 -0.902725080814266 -0.499349558228855 -0.839977845179146 0.111285726318329 
0.323255047624813 0.835199265781544 0.714428687660646 -0.702944793279913 -0.663219110296629 0.567692580161453 -0.975525701053165 0.704001814145097 -0.235066980164916 -0.406235829918635 -0.699358694389575 
-0.055526870078886 -0.117990129533868 -0.455026876513992 -0.674110931481277 -0.841453295796321 -0.579851281086872 -0.332451517837675 -0.606426346994772 0.730434997525473 -0.715065883944401 0.626023165902835 
0.168987502577534 0.090932348105827 0.646783781584063 0.541700423793070 0.638650057130254 -0.799156167840527 0.208681547197045 0.793400319177456 -0.667977919108367 -0.502775764238574 0.091667754968525 
-0.193270243258691 0.796220561646543 -0.298807500438897 0.959164269789369 -0.925768213387444 -0.410627865209892 -0.452457035872888 -0.945485965529658 -0.612951074722071 -0.447754767067200 -0.168884330783201 
0.733843681444571 0.215498153189424 0.681675900557125 0.355096527232359 0.911744589503575 0.417155380497713 -0.841636196573301 0.294363096147638 0.321868954231715 -0.165108313879724 0.534795145902754 
-0.404252389422878 0.299033939751285 -0.183690026536930 -0.899031439009847 -0.988003226991548 0.573499987119064 0.027041878580553 0.210255254037159 0.014617246635732 -0.273301311036291 -0.493730443540737 
0.573953908531384 -0.447523720796558 0.149939629150709 0.422222845769686 -0.056667192716170 0.136385848091476 0.189685036960018 -0.537110842558141 0.075662860642863 -0.916525222991728 -0.211783817914956 
-0.437540684938109 0.263471431089717 -0.229322010320878 0.183108827812305 0.048323351048690 0.339914147789100 0.527988230578250 0.131926812545523 0.851693126734065 -0.385150933577170 -0.307577149810403 
0.408596352910866 0.102828130310913 -0.498419835063281 0.051116775546002 0.578950085283189 -0.064906310775005 -0.243705907790447 0.273521775154431 -0.237020324155195 -0.585592773312356 -0.016382348661948 
0.590376523418769 0.391035977196333 0.800311137343217 0.463365551973246 -0.056896544576263 0.995666939366250 -0.729938602438206 -0.169136338767644 -0.714190659825409 -0.859311547049142 0.168080713812200 
0.350736055870190 -0.007791766653274 -0.170295644190738 0.322404999925440 -0.401665944833034 0.639660665804016 -0.069677100464361 0.121452729274581 0.222091971970335 -0.682792250352670 -0.245616937336665 
-0.206599888777785 0.516312636048229 0.377101019125312 -0.413751745675645 0.375260647074493 0.434745672103320 0.048581421676410 -0.152088468753948 -0.460132064497462 -0.860860205121118 -0.236067124497911 
0.891745381388338 -0.620856122038870 -0.651467229277930 -0.101445086497301 0.536151928659623 0.414499947221221 -0.206759061848020 -0.546906182455466 0.633872325305910 -0.575939590890822 -0.226670833900251 
0.910686193676114 0.382313291265718 0.521114317451615 0.077853539060619 -0.703133256890979 -0.497699492640366 0.302621171700287 -0.213571944788846 0.814264410336607 0.292132614091484 0.887325576681794 
-0.184449335690452 -0.965598019769431 -0.521744110739156 0.549708240838884 0.521351410272715 0.786091671401338 0.747124359420999 -0.163812423825833 0.965635631286363 0.024481667378829 0.158015043020328 
-0.885600031908881 -0.341056651843496 0.246395030263768 0.711967456106875 0.051184193801933 -0.151382710571685 -0.072845702823565 -0.007135959333761 -0.424400389686254 0.046020735507319 0.440621067170616 
0.641055754788048 0.141235814863887 -0.791862464803387 0.168811210134710 0.296643895367689 0.480727996522704 0.038687913717677 -0.745339734758058 0.265052476678624 -0.930104291115051 0.460106616852890 
-0.803950627464419 0.954857056202725 0.064960276747853 0.317217452517214 0.644675608313616 0.119537867482259 -0.079368280026914 -0.788449753160915 -0.041452146654398 0.509670851604050 -0.668675531807818 
-0.714017124798072 0.385067871745065 -0.502389864601903 -0.299702181835986 -0.514037203655682 0.486440566914250 0.661940293486857 -0.813863962431643 -0.551392216833074 0.501098082499173 -0.236277821999416 
0.514608636612281 -0.443499936539272 -0.303791977410407 0.425847665503325 0.374027596894222 0.034587369046463 -0.434312812770941 -0.422565828857253 0.059553096312408 -0.484642869096451 -0.352879235886887 
0.883360595699614 -0.466670554983239 -0.182328798846527 -0.346823805537514 -0.278239453806492 0.675318074831328 -0.731829335170582 0.382881240810587 0.147854659744058 -0.301027649947997 -0.595420512586924 
-0.468498346285217 -0.629459618143558 -0.101396423467199 -0.340174475433915 -0.812477970747824 -0.199489378027259 0.236857168788401 0.467996564811932 0.157253329745253 -0.440152877243425 0.465120833462018 
-0.593860072284718 -0.318065998736731 -0.855492258778100 -0.700149502726775 -0.505350345324645 0.043186698153747 0.663677543679560 -0.664177893447303 -0.403040650271292 0.474096563988465 0.907369900125806 
-0.674294660528847 0.425460727921945 -0.185872499681683 -0.069044911518809 0.016171654878206 0.594839444401113 0.024961752523330 -0.219774193785275 0.706803904242101 0.772022155736674 -0.361687517491648 
0.220692310719893 -0.954044389473812 -0.582185311704737 0.511433365365510 0.434551375123069 0.200718134902878 0.324585054098560 -0.595365354204711 0.468591751790070 -0.024179037271920 -0.384684635118754 
0.858564169239889 0.227956545957099 0.666159008366027 0.378933935356928 0.118518735305681 0.680546572376538 0.696151674290983 -0.276679715560223 -0.364426598123759 -0.321265620449705 0.165342155251180 
-0.198127157030460 -0.024299942951642 0.554029587023179 -0.187509718452758 0.018483638867206 -0.035812609868090 -0.812701684200680 -0.719073887832029 0.860307151885626 0.662946310654637 0.025638091797079 
-0.508644552961637 0.290000294550140 0.326642641201949 -0.616954352674131 -0.151460559984590 0.096602179855806 0.461328820318610 0.845955837497189 0.123056911679178 0.252333939470844 -0.384575444488756 
0.032896962554322 0.358374305514782 0.679672141640127 -0.014127566863847 -0.828044047413991 0.834750933806607 -0.069827415369068 0.332847960372713 0.540486057131418 0.425371953057136 -0.448927049191754 
-0.817938913860083 -0.764601801813793 0.456571047631099 -0.188973332499157 0.034350836905126 0.027165813121099 -0.272143884835904 -0.693855013865264 -0.027599548383077 0.830992769451787 0.544214310791599 
0.811872860786561 -0.044279096904206 -0.254996712335439 0.243583684639298 -0.733791733326093 -0.378034356396286 -0.783804672863652 -0.587299888223860 -0.435332412003738 0.087523303729375 0.464797147135043 
-0.576825954588387 -0.208147120394941 0.560069607894657 -0.940498266981087 -0.168695676075833 0.240984692337060 0.939587212691086 0.625974676957496 0.552760787098414 -0.332664440188765 -0.791816377861768 
-0.883784440405867 -0.238195816571528 -0.411901005260890 0.340462271013580 -0.156494244728083 0.452511600599061 -0.483318883306564 -0.113068965908276 0.498707994636523 0.762306447645023 0.070398232347103 
0.122591668478962 0.805905394547260 0.052621119271772 0.715088003168080 0.041220379501461 -0.212823800086450 0.071008374044556 0.291616401717626 0.916362106745144 -0.842953049135335 0.145070558102588 
-0.527492437374258 -0.844396645441767 0.327401254384581 0.803969340141618 0.332068284847118 0.034372316263040 0.217676207230301 -0.182731210857200 -0.366455634641870 0.686694704997427 0.769852488702847 
0.847789666058592 -0.976367431896506 -0.135470289558985 0.767311565151463 0.441013315782308 0.391503759022852 -0.010977617548130 -0.349278628857039 0.718515956474319 0.862448388675884 -0.811472573431454 
-0.381777953634904 0.871585604373883 0.274549847475276 0.802599036935821 0.055670549523739 -0.995946670548327 0.651385233111276 -0.439549503856522 0.403614065955070 0.931729209322048 -0.522985440377588 
0.200101544170720 -0.305205995658224 0.001635339553354 0.474410308614284 0.316481434401355 -0.325288950462002 -0.993681337569444 0.990888528278469 0.169686350622347 -0.095091417091447 -0.196933651842771 
0.318170593247497 0.480973305743416 -0.567279663507132 -0.834259185513214 -0.439974032193781 0.561279033411590 0.236388864255910 -0.823097989451153 0.501625164539732 0.881892440971944 0.136273380188585 
0.814607798974833 -0.740363176874455 0.651726499507772 -0.142973534164883 -0.259103027910661 0.787003230854070 -0.649871994220692 -0.494601282184443 0.380893589089269 -0.153889092779595 -1.180773125898656 
-0.723041887888819 -0.450127582049004 -0.793592294391573 0.514180066597693 -0.450830618326104 -0.870528571032426 -0.955490909008524 0.176881013261064 0.210614757688064 0.405842046611121 0.735751846729904 
0.094701576503355 -0.109846297458219 -0.620360231220768 0.868355783058135 -0.061353457514678 -0.719064913195693 -0.301871199943448 -0.087978594131931 0.264255767112603 -0.993712638735168 -0.955807966474565 
-0.441557570539085 0.141683732185808 -0.595039990969556 0.334857765678160 -0.900263534289822 0.921857714534450 -0.133932323615382 -0.126540647292301 -0.952525881410596 -0.626421654418435 -0.804442721885407 
-0.642006782965333 -0.771447010437095 -0.592035978312038 -0.272283375204569 0.631167544584218 0.286013987253444 0.552260432040081 -0.667232329964726 -0.182957806906128 0.604252770251923 0.799548642260974 
-0.089470478118549 0.178751037970603 -0.365842402372322 0.777710159864242 -0.358992122613231 -0.554454715406026 0.652774389513284 -0.839977253024780 -0.097881370332658 -0.257591103898043 -0.148001315643556 
0.384104489303967 -0.938274880168144 -0.622936461801996 0.439932489103551 0.198518996078897 -0.125114150782593 -0.212432289896404 -0.577091963572883 -0.410131259149672 -0.184416796551972 -0.640191073756216 
0.966403408027593 -0.730003161931503 -0.111993623018189 0.689388154012085 0.754767898460753 0.844022976205633 -0.004678238410684 0.074437748099981 0.880497915317872 -0.374974299746346 -0.114179444068479 
-0.012674643282740 -0.995756686164982 0.959908050727725 0.147786272874229 -0.938441669779804 0.829312623172523 0.547845014356640 -0.484942429749445 0.154189393665898 -0.493160016166363 -1.017436947847001 
-0.946159912221733 -0.561189226336263 0.797252854075918 0.643675743994339 -0.544885383006882 -0.141880107577983 -0.406962969619654 -0.354282616808165 0.236645551721627 0.490582225027366 1.157084449003588 
-0.593724259776359 -0.857580677712651 -0.088092724199168 -0.886926676642933 0.086429217376857 -0.820360331420819 0.561139024830596 -0.691430797402117 0.109033826249197 -0.849899456924940 0.418648883339674 
0.235696860841788 0.142345129925468 -0.548486706201490 0.446629493342907 0.042415997967264 0.358205356975093 -0.308521001430390 0.436009574332511 -0.459398484256303 0.982070323264655 -0.355768340983717 
-0.407231908338117 0.853815852919477 0.930667825083154 -0.514442162214587 -0.761145287904646 -0.133167287753501 -0.682152959842406 0.843968775508640 0.392205013829344 -0.286014220372011 -0.580716764805369 
-0.609022289525569 -0.155431353472292 -0.246969771062554 0.919077494656907 0.305135116925865 0.935532668251479 -0.885366766000184 -0.278210850005564 -0.390160739616259 0.150473316566837 -0.092003761004321 
0.068542006918273 -0.814181078957523 -0.312662996564881 -0.420957844780855 0.969446380008344 -0.436256661125453 0.764509433407164 0.340443934871880 -0.710214347060738 0.513009307822232 -0.314355910412693 
0.771950097943159 0.762782181982978 -0.407698689780862 -0.866927757947948 -0.097650629138393 0.829055691441416 -0.236595876923785 0.974836782822098 0.323557843309076 -0.371475416063455 0.927783126689080 
-0.899579968356774 -0.716440059105256 -0.838991854227706 0.256352261876834 -0.695622674367373 0.430713201765992 -0.539367373813448 0.077080889470192 -0.353383304411300 -0.341400721337207 0.081711000508445 
-0.861013720366979 -0.554060560503803 0.780049457649229 0.086934902770474 0.891711788708063 0.848097243823974 0.184985451533054 0.473521488856011 0.459529117235665 0.372560034961071 1.474404068229105 
-0.657716791064329 0.337038204170359 0.632979859707995 0.621864939570997 -0.602253006628774 0.860291261425908 -0.442220575493706 -0.248181797534174 0.079346418240031 -0.356163646266591 -0.517030188987444 
0.680453528107404 0.304917916461251 -0.646525984408488 -0.746353233043872 -0.076120868374889 -0.798832137850516 0.501286379426931 -0.777132546098573 0.791411941336701 -0.357437667850393 0.836174982833521 
-0.546780818779488 -0.008355294583746 0.642654875762089 0.303767264628108 0.643705021237321 -0.969304864249400 0.545171303412427 -0.329181034753703 -0.896330692847076 0.678565556419809 -0.579671692341446 
0.560387488539133 -0.015191823190135 -0.865443550193153 0.390295921284743 0.433814009246313 -0.405838665059607 0.903376929185022 -0.749257995872521 0.586168072045778 -0.469328420978126 -0.390450942359650 
0.878859831476256 -0.481263817582151 0.184960399603600 0.456657069548079 0.097445070476177 0.034934040849682 0.512359936391021 -0.825292352269998 0.595649555286312 -0.352162487264614 -0.069154713666189 
0.350571151259435 -0.904581615350283 -0.854946926335953 0.802051419411355 -0.419269145564601 -0.670726170933369 -0.502112870469770 -0.738066646945359 0.883558105942674 -0.705636240937556 -1.281782992455967 
0.597912080554593 -0.463608007142897 0.473856527618808 0.446554507009789 -0.233072695488646 -0.062526527686959 -0.714138722915065 0.442760936009289 0.281855651321546 0.067999224240021 -0.173385711798359 
0.572914086966966 -0.758353413253549 -0.094890004023363 -0.730172266606918 -0.735409953658571 -0.172757909529150 0.299725287266776 0.380715723675183 0.096973101749605 0.273361783997953 -0.217004283888280 
0.195395024812487 -0.547760042172210 0.523168306966903 -0.208676888196616 -0.774210284211907 0.431564661775699 -0.530445074405002 0.091277913618176 0.507791844668392 0.056775987828398 -0.590136344446248 
-0.299914073625987 0.474426466082732 0.743404392454206 -0.261609293273881 0.434160653314196 -0.809017522252893 -0.374221736697993 -0.805722881780123 0.107068877602559 -0.848508507278779 -0.165679361855533 
-0.727188942268409 -0.559054905383263 -0.588371546052437 0.416302648285995 -0.985923135847849 -0.701771001334234 -0.690927655129364 0.499462217024597 -0.782087268124268 -0.965270261181500 0.061980093463415 
0.727407786181435 -0.467885776882163 0.471247258131622 -0.542986060049869 0.788884421048482 -0.884773455333491 -0.654072071163216 0.323667473792677 0.720116784702376 0.066193040528437 -1.664422526120724 
0.202821788941818 0.803252976675153 0.908282468939872 0.736231007330658 0.533617268168037 -0.022139274522813 0.483107066810125 -0.844277575141651 0.419283094985217 -0.041085549366172 0.861718504087798 
0.690354281065623 0.454814237440039 0.955327991916369 -0.606606912767657 0.303048519289204 -0.002175212518947 0.540995849352825 -0.255737001096058 0.073541187143551 -0.269905825750679 -0.238157853029523 
0.261122159566059 0.598468314582000 0.323464233636898 0.844342876011635 0.531664096807276 -0.674439152767371 -0.047252159881956 -0.946113088153445 -0.487080697464497 -0.555423249438880 0.197992302683279 
-0.702241919027786 -0.863432352023005 -0.728905817215161 -0.893487981281549 0.981612315190910 -0.484246883995995 0.648861170094174 0.146944617617555 -0.959323094438459 0.387426921399395 1.356137273784384 
-0.167926423052556 -0.739609670301091 -0.774477701314184 -0.667138942821247 -0.631291126673349 -0.642991864386404 -0.345509632127574 -0.565323500794017 0.549944271404115 -0.829212052033105 0.665773784442852 
0.745423688042222 -0.652106173990540 -0.356093727758665 0.914220228337386 0.200841901508999 0.143989427836303 -0.383548008711555 0.727333571964379 -0.988765305573719 0.758819905632992 -0.538938189173166 
-0.822038726634548 0.120169487352494 0.915252026202835 0.500765552108368 0.991492191048609 0.229480224842276 -0.015182677528825 -0.140533160602251 0.988243919789609 0.222255934144042 0.646085500875467 
0.031445923503323 0.952512275738538 -0.072485648717640 -0.276241772343341 0.570436226393964 0.483702149012685 -0.606760617061929 -0.619170037692600 -0.984908402532180 0.511037786332266 0.326771885870590 
-0.795171811974825 0.596217840574429 -0.099153866495593 0.807907283664060 -0.344036688300917 -0.505908020946142 -0.613206793328677 -0.470492041197483 0.035053102696258 -0.972980668124299 -0.411867144580444 
-0.159175710267301 -0.941160711913101 -0.515413105578218 -0.985404445396104 -0.744864091246886 0.194353431773481 -0.683092988879506 0.376973070271194 -0.142719014608206 -0.851573544509629 0.582719386442449 
-0.818835959882785 0.554505228465784 0.446528667248490 0.516796189226537 0.695727949203890 0.760754350928394 0.214062889707205 -0.745339123641171 -0.167742083451705 0.323323223511142 0.445228245528214 
-0.433421871359345 -0.143991263247297 0.679072846392474 -0.886082123320635 -0.958719930268413 -0.016555860381670 0.801881747358709 -0.104193726096389 0.732961397964003 0.079619031087655 -0.779071038175038 
0.237326648198961 0.466309380032571 0.756832802704454 -0.229269840066062 -0.551519346135048 -0.600994338037657 -0.318336655880593 -0.854250978442920 0.625813546843182 -0.713551073679706 0.545888936968195 
-0.188339943408969 0.354059587660325 -0.268753574766501 0.311485704331254 0.615950092315498 0.928003169782990 -0.672198324326012 -0.456692840300055 -0.990152594269335 -0.163646222698285 0.336666133964897 
0.743675760253215 0.770365401722332 0.282036296572831 -0.564944855327228 0.056150952770947 -0.088870590599947 -0.426957696307876 -0.075811279824607 0.005199441116384 -0.328403145046854 0.415157372989237 
-0.840545051905188 0.343078928884240 -0.647004621966818 0.365066693004192 0.270000634676434 0.617662936567523 0.725231230207791 -0.121860446763234 0.676912217967314 0.386364437340459 -0.924845463750217 
-0.901602523176087 -0.372721257198214 -0.705461332525143 0.137978435635384 0.526070155744952 -0.888892351211100 0.591275518627155 -0.233807433727792 -0.800925436859905 0.152209053155798 0.293505111671030 
-0.473209387453617 0.352669730861144 -0.504754870774789 0.291391061841851 0.222587865782788 -0.272037380263581 0.147711529019536 -0.473772483690911 0.711642521075776 0.139181317812311 -0.405151345099386 
-0.553130797202511 0.113054991855472 -0.351872111716418 -0.412117073524039 -0.653639795108359 -0.455143090262829 -0.990983057979224 -0.899243317091043 0.764476432896417 0.601710767442864 0.895385818326661 
0.652982181749297 0.180052140818150 0.129215345709999 -0.613277492253697 0.818382005904368 -0.675765515740016 0.762766846107842 0.483846352348238 -0.233720850788811 0.739410855083580 -0.695683263882671 
0.506029624910768 0.748115239755280 0.385011813348856 0.405732010854271 -0.114356877770652 0.690849251261324 -0.682488764033785 -0.927928428125723 -0.624164092271466 0.880857171098645 0.905632650583747 
0.528085752586304 0.644190257075533 -0.960996222128911 -0.949336143535295 0.106900253880236 -0.635157236843602 -0.512382796900402 0.657713900513751 -0.413297415772666 -0.451879483095388 1.020608665227659 
-0.466311604029428 0.790485741068223 -0.218723733230991 0.420852751738874 -0.719871706614887 -0.066780110538071 -0.173730088949787 0.641032151961982 -0.227383210972112 0.053992548959029 -0.430222259975388 
0.837672252708997 -0.298659126419952 0.368441049826133 -0.836462169882956 -0.609601871107932 -0.432803599799993 -0.650198632721676 -0.934329964465739 0.683428039766006 -0.748783673905292 -0.547355951651966 
0.204199685043568 -0.995949423442527 0.898395391690026 -0.846764976922670 0.487756954599510 0.747638159187437 0.509348695211664 -0.160854887943727 0.942667304959219 -0.000243326991552 -0.501554300754592 
0.173563397458303 0.842509398344512 0.457562874506775 -0.496537352004317 0.616928276843617 0.924136429758393 -0.776753909002624 -0.288752224705729 -0.625042915766401 -0.476715844841563 0.371843902571560 
-0.255149985469059 -0.352797538217823 -0.044998632096209 0.307217154652029 -0.582254962824056 -0.321420238350538 0.182910806322257 0.923915063196124 0.705117292080049 0.951221485795730 0.244190823255706 
-0.889111164150314 0.647505472387976 0.605109602103682 0.841379376800117 -0.428742248817892 -0.591434695375148 0.159384066021872 -0.188389412129630 0.632786286771679 0.042544301108498 0.082097321532845 
0.280789000903744 0.635600718879120 -0.309871850711371 -0.961548729359743 -0.441168567493223 0.057010267173244 -0.280808565162785 0.612747733158052 0.511036437444759 0.131308617510783 0.408661576588900 
-0.969336487601133 -0.053397092776336 0.704894308822545 0.414120810819507 0.633259669464101 -0.032589202084975 0.705090033829197 -0.124173087355960 0.590008948365784 0.070048477873147 -0.081828542982762 
-0.108087036881056 0.525133972117042 -0.128061897313362 0.003042306157831 0.043801048652712 0.525967553578502 0.310764851254158 0.758080724840016 0.928725768099607 0.666848962156127 -0.110223970729662 
-0.441334543078744 0.546914396658051 -0.605665027915175 0.461209647931075 0.233709758591954 -0.602221990831837 0.893220734628452 -0.233784465647889 -0.082347031470273 -0.372648903721845 -0.764915720682755 
0.675949116015437 0.134252967373820 0.379161263877502 -0.061311129827807 -0.764943788621695 -0.665700076373585 -0.269414622514601 -0.592676312590898 0.335850235500159 0.016313090354190 0.511445078509393 
-0.310354208105599 -0.534072993041830 -0.790737472160494 0.606883297292457 -0.408357751877815 -0.980957191903488 -0.434724016145250 0.604455838728142 -0.791526578716021 0.609030832836323 0.452069187488544 
-0.983747055572594 -0.510657730810229 0.964712679753518 0.488975469011201 0.614013666076888 -0.907311133903090 -0.831785899518167 -0.732056614386203 -0.058489358469519 0.871111035613727 -0.393361215815895 
-0.363195799392743 -0.927179859068201 0.438523740527196 -0.064665147642414 0.985659316643591 0.554186592129646 0.733558328325217 0.537014949752284 0.771849395946654 0.668367149072841 0.811418838707242 
-0.083848158676498 -0.023120906798370 -0.885831134171714 -0.578302183078728 0.330605055604104 -0.943021434448273 0.138601936691374 -0.322658693877538 -0.924333666331323 0.865744567094890 0.936397660899646 
-0.883270895423000 -0.594043366679359 0.169559246117261 -0.622400741801577 -0.590734425789692 -0.250379507478292 -0.933188822264601 0.027775921432278 0.072739405806925 0.472863610706780 0.606956258244756 
0.899023773630937 0.717569875050972 0.977950651072641 -0.195039151743640 -0.265501466754702 -0.382165732935312 -0.434206348664208 0.094711814300662 -0.363854502935711 0.696508184262801 0.437561753153958 
0.067553800392151 -0.802639860753659 -0.338813727894373 0.752371972047807 0.811246171505505 -0.723177902059995 0.400181700605731 -0.819173986002271 -0.303658062535996 -0.714783718414265 -1.079157825431817 
-0.521774969083032 -0.650232293942691 -0.009981111062967 0.345392451251269 -0.421019554950337 0.572958378086485 -0.480338460873599 0.002022190195065 -0.153000813626465 0.806035588879347 0.051644950738476 
-0.952005930758196 -0.798373256272040 -0.338022540666238 0.742899135912999 0.327843543457628 0.278973037137370 -0.984848340349422 -0.608246738916527 0.457495068695857 -0.663593544822289 1.091914149113970 
0.549097308378540 -0.310135024556409 -0.289847018091823 0.872647658893290 0.235330973658697 0.278471875414771 0.376233835402553 0.042663129846193 -0.690386109784609 0.323678799969369 -0.526447227240158 
-0.588206046399972 -0.234777039049776 0.130952746491699 -0.818095264775634 -0.959566603861778 0.228578342575277 -0.901283278951225 -0.818289716888581 -0.944569732332380 0.595853432978289 -0.671289490671478 
0.436593076994065 0.264319635188060 0.441459630577788 0.816625050833214 -0.981930646921635 -0.469201166560830 0.142112425506072 -0.017249183051180 0.911302894390944 0.525773579251002 0.884266928369634 
0.766433389791500 -0.698653899600614 -0.910079668859575 -0.969958514504126 0.862257697958286 -0.093747447927358 0.189214676427312 0.610779780165670 0.721395719366452 -0.915368315790390 0.292953447083389 
0.969759405773995 0.690581430016618 0.897285742569549 0.486375203359239 -0.365122340024275 -0.669300274234099 0.601651790831886 0.777244822497604 0.338524069967931 0.961905525278427 0.970330437005876 
-0.549016371809558 0.888782570295088 -0.734024613162906 -0.339876548044112 -0.888819607060587 -0.502197859046598 0.654324254923364 0.783260513682372 -0.504316301852287 0.797871541014362 0.683168670037550 
-0.023958939877025 0.700975514420444 -0.588576538768853 0.914132949665159 0.164209090848209 0.943110995219411 0.430606354044300 0.766359003879839 0.272500074563986 0.449800489212075 -0.652456892235843 
0.672249677399393 0.279502770500585 -0.867827068922077 0.465182114206015 0.866253254860213 -0.798902687202701 0.187391628484731 0.301091740131727 0.246147818003047 -0.483291096759786 -1.211916070061919 
-0.605875764934393 -0.872733658360869 -0.053572145329211 -0.318338485228714 0.694534194598821 -0.622974596879650 0.822752032354519 0.902328762938866 0.150421845821682 -0.055975559676558 0.036293843840571 
-0.484566991668820 0.477205756021221 0.636119487061665 -0.445147677680992 -0.230953075256396 -0.617439192448211 0.345859595263496 0.330543592267379 0.780223301910382 -0.125292887223614 -0.453354411703074 
0.674954223098680 -0.614079656703026 -0.213892291917303 0.318129340103237 -0.454696817721923 0.354356621881014 -0.192274549108577 0.264368336802854 -0.139496265653708 -0.428626604357646 -0.593055170692244 
-0.162598040039623 0.315661205229974 -0.934972627959173 0.870844909780225 0.196151439411142 -0.233983880878443 0.467524709700267 -0.981303172492036 -0.231222050477076 -0.440724589023922 -0.990277813090129 
-0.504204835912755 0.999113119188319 0.833315382410231 0.509153081392586 0.544022931216526 -0.845537152539595 0.181159189018804 -0.321261879263519 0.922580194159992 -0.154760976809104 -0.514689434808306 
-0.459241637658399 -0.810824328246505 -0.204666336468215 -0.077370636341815 0.498054827899062 0.116146668243122 -0.407831960275351 0.360191242974099 0.254815679677649 -0.127883852628925 0.496812132444529 
-0.722273222246089 0.296986098869455 -0.670870443410366 0.764220719401362 -0.192028888851558 -0.425155137190066 0.969364840120339 0.661404995338550 -0.507657988954137 -0.266979413349051 -0.366270225523798 
-0.884525980971998 -0.326765775488595 0.792118995087517 -0.643788206081841 -0.517022643510614 -0.539038924307123 0.244747149458632 -0.565685421088593 0.033592692591960 0.576311302995711 -0.195576152725558 
-0.925723434910214 -0.336458279903890 -0.986508663331136 0.499694407413554 0.982485184226380 -0.030792251089444 0.935713911857334 -0.185339746078374 0.041276578762570 -0.588717849758865 -0.265376135527183 
0.792420621584374 0.413707613625941 0.838986035809297 -0.130986487530728 0.412801146382072 -0.978422370566856 0.951884761411134 0.943875387918685 0.018729544871634 -0.468172948209179 0.212483377556250 
0.824196392057822 0.798356857870561 -0.704176862034894 0.767628931334873 0.713022645958750 -0.306012216669163 0.596582011259849 0.937110825287644 0.417278178521571 0.070405178661706 0.119610040212356 
0.256380720629370 -0.789977121132096 0.943920214092418 -0.826013697142069 0.748127043378443 -0.200632696398934 -0.420926666504438 0.310643161461242 -0.583785328658204 -0.977353405871200 -0.884231615398760 
0.472776933769987 -0.685384081014646 0.015167912648174 0.237794505209359 0.465562617250195 -0.108547858005236 -0.039932563882912 -0.384990860066793 -0.563617711036244 -0.648736774955312 -0.359254005080667 
0.541754866079157 -0.911545965042746 -0.090192231237040 -0.616388379869852 0.815568599602160 -0.001901369868693 0.486626014085997 -0.124426270167216 0.225930191091000 0.380920914705553 -0.380163962178068 
0.539836555895999 -0.775924682969703 0.782815699413053 0.003926571318103 0.307495567351767 -0.674788657003952 0.884073619327048 -0.239474682904622 -0.529966185971162 0.526011385008309 -1.154080101686388 
0.269791433859572 -0.156349416312673 -0.454501663586066 0.844110571352608 -0.131895658496902 -0.475167816520373 0.326333453253585 -0.688210221625254 -0.008092292559654 -0.653683659714986 -0.505043787435027 
0.905658459791521 0.854334570180894 -0.399044276513292 0.623200005314211 0.912860117175529 0.399824980918312 0.632677413160683 0.349494117487362 -0.908953805544565 -0.057266443544360 0.378350829455450 
-0.255686054072110 0.692161311828183 0.235641373932189 0.220924172492844 -0.475257857616950 0.435705889291960 0.128023639849079 0.475498981885452 0.710551594415473 -0.548834145020129 -0.411597847665413 
-0.343163152363569 -0.607871640181445 0.174561005151897 0.269161096540595 0.269106711891950 0.558183327740484 0.665513112103311 0.418410104172067 -0.829242941886408 0.522731077604872 0.646110582856643 
0.058451058433282 -0.290655099220872 -0.506097697815019 0.927387997689999 0.283799807248300 -0.220014000985180 0.781175637719693 -0.347427592005011 -0.668363009227919 0.648394807755036 -0.507097936967840 
0.278951172997100 0.319971985183836 0.169140660101525 -0.085962984611754 -0.941288191959684 -0.875721650464767 0.700804708589160 -0.717828061255267 -0.002277680274509 -0.034448004296404 0.903680352418781 
-0.932930342394819 -0.345761693273098 0.504016026703331 0.324428911890155 -0.289171146195256 -0.518710050564149 0.181510415314726 0.601501609238506 0.245913100990038 -0.243452030556801 0.658090499343502 
0.207831148336802 -0.142351034907879 -0.855705831716131 0.177649208692579 0.941241622116718 -0.267476753414035 0.499866135767271 0.471818710445899 -0.997982420516806 -0.370307584855564 -0.621795372427360 
-0.194768611100893 0.785543710682178 0.570142024675361 -0.140875196393189 0.976888949869257 -0.104053234524780 -0.080741910211642 0.805765942040635 0.056063906460651 0.791668872059850 -0.381050774041047 
-0.715563935678146 0.916302297180275 0.454483668672171 0.513909295958366 -0.026233124145245 0.406096840697090 -0.433089174001812 0.805911870619338 -0.713613399848279 -0.730606795929277 -0.788757605522526 
0.344629526254159 -0.591693931733432 -0.685840601896480 -0.392536358203694 -0.546729684619604 -0.847595077381110 -0.209740764000869 -0.464566772789616 -0.453687703928503 -0.397213086708531 0.330595434599878 
0.568850545182044 -0.722690682558872 -0.481095231402632 0.206075932001141 0.804788994396531 0.065142530526351 0.980695536091857 -0.901420750429300 -0.290995590034810 -0.791711507890848 -0.595344570263399 
0.915884758602123 -0.613069447426134 0.843025629900346 0.610307966453485 -0.620603605679768 0.625307774302849 0.231332995097572 0.984547489812698 -0.328720566726721 0.384549060685394 -0.301996203488310 
-0.390748607900348 -0.417695230723604 0.427832980607290 -0.832327653291831 -0.014284555617863 -0.349856785034891 -0.808272728551400 0.767305934908184 0.556855996171112 0.293847604455832 -0.055996398134596 
-0.133338087026802 0.399913501251126 0.326217755707327 -0.630945567290526 0.416027779065111 -0.145002209625969 0.782599404374710 -0.714155453321169 0.046492213539035 0.722588967241317 -0.358505888955730 
0.016427494192977 0.253594790118727 -0.605590874176616 -0.565215322503607 -0.910402981968284 -0.223298242565580 0.086924511051519 0.837712013989230 -0.524988416938009 -0.689308902063188 0.455783460486161 
-0.898781718581335 0.770198458847019 0.012060583902272 -0.263658185788521 -0.456571464601458 0.331358734817398 -0.910590923522550 0.281404153245873 -0.257643050324639 0.522813052629420 -1.055480612448336 
-0.649489019097053 0.884624491208172 0.023980177151632 -0.388956968535441 0.285396411516342 -0.905360545417321 -0.877300428862583 0.197950578048999 -0.889480313211110 0.381720014843035 -1.357378421557497 
-0.907182445218940 0.441495537689070 0.743059047777332 0.057138425823240 -0.078474157505155 0.363764692353448 -0.570615086087806 0.216460517468358 0.754270371193370 0.606886335287844 0.167884207689160 
0.120703930148980 -0.563113518662398 -0.544582342812834 0.172303659089961 -0.879770796098024 0.364208799563344 -0.527844156369272 0.511230413445789 0.133119738362550 -0.430661219987366 -0.405287180052810 
-0.107319435044246 -0.099468524611146 0.509004330946569 0.848203212294747 0.721962980453571 -0.676668025701052 -0.029247422739215 0.750035898050584 -0.136639621785449 0.356272577239163 -0.169254016094057 
-0.817580567278972 0.900930876161256 -0.402534849339268 0.146506496053120 -0.197843245849417 0.433936444421433 -0.754995666778266 -0.788339381267850 0.465862454410723 -0.218497828768687 -0.555680116449118 
0.186265366099906 0.019756867893906 -0.631577876518462 -0.883259164995772 -0.662309545312655 0.441994896220501 0.263595733291761 0.667414219854678 -0.603794261610219 0.348596797667905 0.141831722872148 
-0.826439997613866 -0.170922771094139 -0.482519416541937 -0.345002164889822 -0.371020863161036 0.388706794003466 0.943814034416966 0.733393439934673 -0.452612777793090 0.577349962895364 0.408262923286874 
0.930115567509592 0.324763870384713 -0.356290609447489 -0.507834383736632 -0.792795362282661 -0.109630731686734 0.437216470229169 -0.846327841121843 -0.976103444887224 0.144672380448573 0.178626222280988 
0.957684323225625 -0.091445166652400 -0.800982616564800 -0.289430364113091 0.727385053173561 0.626797589424271 -0.544224844089294 -0.277889047623485 -0.809137298241561 -0.816704668017303 1.431924910120190 
-0.849833272553734 -0.230032754863662 -0.357446352715875 -0.625276374992801 0.810293607473086 -0.267597684937633 -0.606820900658658 -0.083208444163937 -0.356639790536306 0.093719385779026 0.027206060048645 
0.683508304037103 -0.712500922445761 0.679280890453730 0.623173895843200 -0.377733085843720 0.589310235030987 0.931192933873695 0.355898986838922 0.945963339331390 -0.547503246746940 0.096623318437043 
-0.691493817232712 0.271582402315617 0.803627781107089 -0.980377188831988 -0.901025153230279 0.410047665734718 0.276805111938279 0.518959205760737 -0.751706234134192 -0.803136457090996 -1.465889901422763 
0.927371730412574 0.080042839026484 -0.367786370498788 0.725157203248074 0.944799942152197 -0.198672485572354 -0.747879458021888 0.753868742943402 0.108473455238246 -0.077788352311536 -0.461096237736888 
-0.163892355434731 -0.267076714931158 0.426904599778465 0.394375907532749 -0.299786996461205 -0.786867396098535 0.693327989313636 -0.381934325220428 0.185405828062563 -0.790253463325999 0.692417273602872 
-0.650989666045656 -0.849281702622802 -0.090461458928752 -0.405263954746712 -0.190455616191280 -0.930512480076532 -0.311898741855710 -0.983041098130768 0.802526281827949 0.637041807886711 0.983326261266309 
0.760935716834860 -0.924130337715339 -0.130021105447558 0.975373592247188 -0.187420481740221 0.179795738308214 0.196151220293018 -0.692663822575047 0.274841376934897 0.895161117484256 -0.843624331163695 
0.019946955442648 0.982926137011920 -0.022920450598764 -0.993766374882577 -0.003086727986891 0.985915852452594 0.682605779546887 0.681804887178699 0.887921074802261 -0.403273832872770 0.060543588864202 
-0.430835806295345 -0.167610544467325 -0.989596878857964 0.893983718863684 -0.782063004694146 0.638078463895464 -0.567294556729783 -0.325639694500896 0.692065705481839 -0.847014252655328 -0.607501030255085 
-0.553019137938919 -0.557874895910463 0.033160137628799 -0.649825720581202 -0.665931464676478 -0.793408201795186 0.984476207660052 -0.110197411210415 -0.796224053131207 0.229032893533349 1.242788515310289 
-0.458513802819231 -0.691256738375299 -0.376765471409132 -0.543332501110292 0.277944756510422 -0.384915279656830 0.160709088725881 -0.632752949099232 -0.431817614720447 -0.301236382810127 0.402807847765703 
-0.157642332413387 0.248604282170835 0.393002076706441 -0.260042697696386 0.498268331742285 -0.991815009540854 -0.878651250626721 0.643348454564296 -0.190067684399668 -0.484770528629504 -0.472948210369920 
-0.076886754218236 0.493077592518101 -0.009668188949757 0.623582035537948 0.392094099074584 0.730777870142592 0.133361316583669 0.007516605769620 0.066705944526958 -0.247246862630752 0.243656534904802 
0.015047234802688 -0.504549615550935 -0.194829248125203 0.060507007648070 -0.161156785711810 0.376632902978859 0.011011335186675 0.534326348981683 0.554329103968657 0.487234610568856 -0.115738552306312 
0.928509808487189 0.470715978632698 0.402246559122916 0.441905540906917 -0.558580393498464 -0.845240139701563 -0.121296833656545 -0.663255193948320 0.001155388345675 -0.829531548668016 1.368860357651011 
0.769984395805160 0.376119750493700 -0.311039794015896 0.661225910757091 -0.370985264332968 0.937595346045037 0.396549902049199 0.263059453974491 0.327003805722850 0.398998100301525 -0.280408452944198 
0.341767067104143 0.398599861527803 0.119188883097685 -0.056244979205148 -0.749641806529817 -0.327872660502029 0.579805524327633 -0.604097172661147 0.986975319534735 -0.131515718726425 0.576028539502868 
-0.604310979229655 -0.920423813340126 -0.488515883234541 -0.221054437559041 -0.286914948025249 -0.721218131402151 -0.864054937361401 -0.336659657785109 -0.118064057883594 -0.942318736295705 0.477487129652934 
-0.689054213529041 0.547120792054674 0.196627765044240 -0.732157764786660 0.659963575168128 0.358499143589604 -0.938863563236344 0.518390549153307 0.616387199573626 -0.471534207051999 0.081157153752095 
-0.344488961274350 0.853630939254160 -0.786112291819763 -0.019870081971016 0.711472426273504 -0.328465051956515 -0.892518650413542 0.930392161589830 -0.850920751242492 -0.040194279538614 -0.784145225106500 
0.329386749795460 0.962452920034782 -0.419889601859638 0.625773367339026 0.875945906002740 0.060752636624813 -0.774475351825797 0.808124321758747 -0.452945527817911 -0.105197314956325 0.225710326173307 
-0.279694945457758 -0.802365010801436 -0.605124153484442 -0.615139924477463 -0.237035580551964 -0.586782516423419 -0.309128834144695 -0.470968550236389 0.922979317566079 -0.152742769555653 0.761308892713296 
0.055812696788749 0.194075395185839 -0.315834769058853 -0.099865411422965 -0.999994457477335 -0.280303264533115 0.011264875743772 0.146452873320823 -0.956258823283090 0.323314733096481 0.350696226380946 
0.099842428026012 0.521015814192290 -0.815065507669263 -0.383453947777466 -0.609632675325476 -0.713588381048663 -0.111541108266912 -0.558390086528276 0.232547768296297 -0.724694216792843 0.375499012854839 
0.548075576410393 0.738984166138265 -0.490128906515678 -0.691018678395602 -0.237622759341753 -0.011602372553543 -0.896336982566984 -0.950935101091948 0.480732540443918 -0.562066529838687 0.507103245454687 
0.735706601046239 0.710626391703265 0.257568674533644 -0.641537298517921 -0.199818611282941 -0.274418555274139 0.169643793418040 0.528763621966561 -0.930850486737496 -0.852057392125274 0.356453707930743 
0.218274531733954 0.869529849867950 -0.798849880265588 0.542954514673384 -0.063680456401072 -0.642022988673486 0.937366951542565 0.494167899949782 -0.659323022214306 -0.381029070054485 -0.533380483505446 
0.103693754126518 -0.945259979681545 0.285203084884355 0.857190654297714 0.811549241578156 -0.121341203227576 0.009468598409008 0.525234638117647 0.502764434019201 -0.390847534461658 0.062001148910751 
0.257041284971050 0.540511797775872 0.991586206125839 0.703924533134049 -0.574910093697265 -0.324135617035481 -0.778297763427201 -0.998609882368453 -0.459212939931815 -0.872747641973891 1.395660658608646 
-0.141235223985024 0.649214513827651 0.140724694540145 -0.905387366864481 -0.525777625110064 0.000250428147441 0.520894289256326 0.772799350879874 0.250096517239343 0.695329027364947 -0.237608739092622 
0.748959034326747 -0.917963779546075 -0.515064460664028 -0.459823545404807 0.307533199013565 -0.447597282867726 -0.492281349762483 -0.219283113372541 0.699608504668771 0.951899071838345 -0.626821979778012 
-0.678934730716721 -0.626068716424266 0.965398080262610 -0.876304899575127 -0.097930738394234 -0.779511406322508 -0.385883076987922 0.542918534784964 -0.581879207700247 0.294379964314473 -0.718563692196263 
-0.951220115846835 -0.586885949402913 -0.958412049063123 0.826833250272727 -0.650432287020276 -0.381990170127820 0.350787716142748 -0.258492326899014 -0.284306322534471 0.117327290764941 0.152089790300104 
-0.699463570625250 0.783519797986308 -0.236997820819846 -0.876217263594776 0.468308164587560 -0.981842182771671 -0.539221115145579 -0.232276228172504 0.918281066131592 0.324493357366121 -0.378334916391197 
-0.637724100600522 -0.689336012729957 0.948246947150163 0.060618708808647 0.114095914356230 0.986920349167943 -0.699122049023313 0.535530430801616 0.193422068034584 0.406845626009874 1.076672041540837 
0.021326930691379 -0.381972000692320 0.849287205823393 -0.264722642593064 0.659962707320571 -0.625607693746363 -0.417541579145154 0.874047122510498 0.781602670287925 0.834100007635630 -1.095984194346682 
-0.726498479029469 0.661376619293724 0.194769260249514 0.729516646020799 0.767724863201430 -0.730160143379079 0.863561898652344 -0.756549308214242 -0.190841258532939 0.456975486870187 -0.844222224931434 
-0.309047754262029 0.847995931511179 0.362380072763294 -0.510828221316212 0.668486105972177 0.213184034030107 -0.663993856624530 0.035838911193792 0.830857536561080 -0.470671126816354 -0.170538908026369 
-0.918722242313192 0.453867472212484 -0.223903695191058 -0.410063449869176 0.153513404133556 -0.040009930581885 0.335009803302337 -0.314195115288839 0.813482507332592 -0.251147325396540 -0.583929776898961 
0.926331093515755 0.535719238015404 0.892124190419772 0.886991949214262 0.574202024987467 -0.082303834702787 0.095243097000927 0.466060812914199 0.275488607016933 0.340470223551357 1.239607659854375 
-0.953094579337446 -0.782454207077553 0.151409164005095 -0.391595403571222 -0.255962318320226 0.543839203642905 -0.361736676935887 0.483465489212917 -0.074561761261191 -0.930765488073503 0.444911469171294 
0.211706884543082 -0.253524429923188 0.577404756816338 -0.228961557334241 0.896731678207697 0.226387213417476 0.721310088278049 -0.282451175033515 0.489939952208812 0.334182733264821 0.135632531621924 
-0.656748381783391 0.394442342230642 -0.841872527911792 -0.135505457629813 0.191780749810673 0.993833793395985 -0.019035643429076 -0.588884725040707 0.815624059592055 -0.994992815512476 0.888315720877995 
-0.694644280055382 -0.524819895584544 -0.948183519341719 0.525289343987573 0.835544590445113 -0.805575224741960 0.547213560905395 -0.365784558550994 0.938625864148236 -0.095530960050633 -1.236360604875716 
-0.592407278967094 0.242932253309337 -0.017551400840099 0.745394973336549 -0.726712334132686 -0.938148414583599 0.524071176460695 -0.887739421719922 -0.027523469558821 -0.155609328003828 0.530749262880817 
-0.189092434189559 -0.580790717988596 -0.004005177213394 -0.527471838609276 0.349038072439868 0.639374114004402 0.942774517035819 -0.268164981154957 0.943676516076731 0.403506505439724 0.165837700233649 
-0.652095939417766 0.620825204977028 -0.861274772844044 -0.202559344517209 0.469858008686874 0.898900611173291 -0.905847970038038 0.507814245426716 -0.932815756730651 -0.508689565391089 0.034790919305698 
-0.956777176809363 -0.756441671533607 0.810019800605950 -0.481828206563270 -0.856950768969146 0.113706140192487 0.863908171636662 -0.108632000224083 -0.723003495351594 -0.126677642919600 0.821958908178229 
0.758786851820224 -0.890685561287548 0.692765770869027 -0.898885253581139 -0.671581061297577 -0.382781495175129 -0.796811499790401 -0.466182721397736 0.622222645050675 0.595607799734262 -1.575632750947144 
0.400345126015317 -0.626349031065086 0.126465586784350 0.624876879772824 -0.247434165808899 -0.032632212949669 0.130985289226582 0.464863151589243 0.434198575428967 -0.108770412092113 -0.140438077763337 
-0.245906904321013 0.294976463693549 -0.116712016109767 -0.408003791585413 -0.710720358800959 -0.897935317937028 0.052868789891389 -0.451991521248646 0.468225614875991 0.530111224308082 0.662731371793050 
0.758452394849559 -0.931189160126837 -0.294472355235046 0.178211644896712 0.310153761612803 0.108497543826159 -0.585421680935784 0.299063427723316 -0.824814615245203 0.302334316578774 -0.368519939402356 
0.662074552932602 -0.577761203302648 0.272038795608985 -0.690249976461081 -0.859919930394577 0.075563397506732 -0.794092277281510 0.126985219229247 -0.854783543319876 0.244795163485615 -0.180841196023376 
0.623910580185862 -0.857626876586239 -0.097778817848337 0.159278828757288 0.890093219705721 0.077608619898465 -0.932174155933784 0.257040499283778 -0.007449589427296 0.703494071712582 -0.482583490005668 
0.795081501497795 0.527794755913302 -0.612949348149111 -0.708964620913009 0.550677569032464 0.442657533615967 -0.799595675733989 0.239487181368364 -0.091906037788773 0.344972146682219 1.062789375345832 
-0.635161499169345 -0.552693069073345 0.976678674812825 -0.491469369486062 -0.700194221090508 -0.868537842453378 0.489911549117793 -0.196415883973326 0.587919450619762 -0.699557305021065 0.889664393694596 
-0.496456398110230 -0.221566378917990 0.882535134002615 0.709085568533997 0.474522427254269 -0.022261416854698 0.088358799435353 -0.681698337612958 -0.022221384545646 -0.177286396948284 0.729685255929546 
-0.798139744206788 0.151371747006380 -0.547987857310075 -0.255704877931908 0.272232006268640 -0.109977398650043 -0.385291396123849 -0.931850585818513 -0.262455845609398 -0.585205452683481 -0.126609632852293 
